0.5809625398943965
0.5571853034447043
0.7484673257535198
0.6731494980942223
0.6833719739568579
0.9044527912348455
0.6559187463442149
0.712174046546474
0.9418002921501548
0.6743076573486265
0.9745400851201519
1.2891002341078388
0.7603663540480696
0.9205602807923116
1.3123247576265833
0.7955810848839141
1.084414230464179
1.5514350754161028
0.9561015500322444
1.2421449575366637
2.1508361271803005
0.9379757964571955
1.3417988791500663
1.862625112148315
1.4167122329718307
1.8725132571919163
2.6584352198225143
1.6415395590544781
2.0948284868034523
2.619158116970018
0.2942879462511291
0.2745754745123361
0.05957786166580065
0.7201739017454026
0.7649365745716041
1.2422796731715606
0.9314798927930255
1.0675962532476253
1.9741675939405314
1.149312508490632
1.2325315248829698
2.3798687851358755
1.1296091074025825
1.6533347652650878
3.315101086578486
1.869523782822341
2.2422662034285117
0.6572035866005008
0.9410916368185764
1.1878665044667893
0.8352552444097033
1.3431659193939909
1.9190049378570782
0.9970554996179102
1.2578290519618878
0.9812982018117188
1.2056861977836524
1.3250152467860807
1.6152777242304137