1.3964390582233577
1.5604146863914143
2.006074640936217
1.5214876968503768
1.7392370595992923
2.2750172162702307
1.5027220410290152
1.812268042873989
2.3675871184543373
1.5306221709099255
2.2581480129383924
2.978229172535512
1.8745362413362845
2.586149255430776
3.7886710787535454
1.9350203535639978
2.8286033200342637
3.925794713788346
2.416678839800554
3.3281118490878345
5.3778810656510805
2.180688888599344
3.2350224066389677
4.419646444334131
3.305180150395057
4.503568822387463
6.12996380593225
3.6462477947868184
4.79935287818649
5.954210877539106
0.8853719737567786
0.8776037430042957
0.3825154427469585
2.0889154962225778
2.5343080827492184
3.6210510018179596
2.521464234018012
3.2334078308161454
4.930338768168985
2.9906509595918442
3.6789848072617386
5.744604127158822
2.8013484017576427
4.599570878069793
7.282786391430601
4.6934441571430074
5.563043265207688
1.8982173182214757
2.4980536620717557
2.904241426062611
2.2843517704978984
3.390565563222246
4.494923624434234
2.4711231016046455
2.8913147843476006
2.3545497953480417
2.696534806633098
2.9811714663436857
3.4138518148567076