1.150194903021154
0.9854937238270642
1.104891222827344
1.2469656623069765
1.122487845908885
1.305261300430959
1.2698321106734018
1.1281806126372218
1.3056854968935003
1.2630888929415336
1.1349903463823452
1.3874600327144724
1.552655689441852
1.688775063197049
2.747843027914989
1.4492822745656666
1.5186120407927204
2.24995811772416
1.6361307761703996
1.7790573736324817
3.967573520298799
1.7875438129218961
1.7609110521764262
2.4281946781274315
2.486909492637539
2.65071082312254
4.2961325058383295
2.97832854432207
2.904832114616641
3.8273728243653458
0.625160164207378
0.5628083042875089
0.3683142262037456
1.237619534920327
1.4436547688316315
1.8151868640590352
1.5158585288434265
2.0548603754436807
2.8120360008838303
1.926617501685603
2.4832586420174736
3.259717636236375
2.235345930109958
4.414489593988189
6.093865818995472
5.05761661191747
5.749044295699007
1.184942617396592
1.5752723890033893
1.8429441219361213
1.7444464563411386
2.659608908683359
3.6449620703689876
1.771797088023289
2.3327567491470007
2.375418614093208
2.8943778053470575
2.5819043998685993
3.144740314576664