2.566070451141111
2.2449261185625735
2.4426901489634654
2.6756210701258634
2.5686432403370456
2.927775119149355
2.729118770154125
2.5496372307839112
2.8916933194492924
2.776414165691337
2.63649020147399
3.2427591903773227
3.327651821201948
3.5638539497006634
5.792947374554833
3.1042201397588114
3.24829821726361
4.790726128386718
3.461735553944575
3.662298904492634
8.562510390870074
3.8331496773746916
3.69532285010691
5.007164843293552
5.179723697197867
5.289229135494323
8.726649321498385
6.058535148238909
5.539807508012631
7.242102264679869
1.437381555760278
1.3006371824831882
0.8286125687696886
2.7863219141342044
3.1018287008256036
3.5458036372073067
3.2854831787700243
4.226055375725239
5.114910744783685
4.11200112062842
4.949524325150017
5.516716411223783
4.974811705399068
9.49108648756676
12.357990041848568
11.316312877076255
12.837630739091873
2.4946448029835064
3.361430660816559
3.8768933688022917
3.705700603209988
5.74813942691358
7.967250429687368
3.6878027755396485
5.049749524563798
5.388118367054679
6.553859191915172
5.665787582297363
6.919940739104393