1.415874920610519
1.2594330222450516
1.3377989261360168
1.4286541527998111
1.4461547669186356
1.622513818718435
1.4592847769521662
1.4214553631274311
1.5860065675367077
1.5133259002593455
1.5014998550915055
1.8552997851723925
1.7749948767409855
1.8750788865037362
3.045103719130376
1.6549378651931446
1.7296868039802926
2.540767383153295
1.8256041502645548
1.8832409033505924
4.5949368705713445
2.045606491962477
1.9344124254399568
2.5789707926755234
2.6928129495411737
2.6385183123718177
4.430516188150583
3.0802059764072363
2.634976020905584
3.4147300678241046
0.8122201365338851
0.7378288781957838
0.46029834256597785
1.5487023792138515
1.6581751870132049
1.7306174006578225
1.7696240224170205
2.1711943727721206
2.3028741163903117
2.185382991433284
2.466265683132622
2.2569994024969584
2.739464520269851
5.076596266069168
6.264123595343415
6.258696265159063
7.088585815883254
1.3097021855870885
1.7861570167942946
2.033948619356698
1.961254774378461
3.088530518230012
4.322287731808699
1.9160075700451256
2.71699340292634
3.012700380471118
3.6594807590588507
3.0838825549190827
3.7752004245278687