1.075218111747719
0.9856910624061623
1.5514301275033702
1.345219109966291
1.2067908047449125
1.9665578564150772
1.3145904524291256
1.2502491669482685
2.045352606614778
1.334073408153351
1.432195988694098
2.4727288753509353
1.6106611012567693
1.918142024988212
3.6180645332195303
1.6336180546997023
2.040341107562627
3.637151468288504
2.045199280928532
2.3152395957587735
5.109482319595094
2.1199521391404237
2.614957356504683
4.619326535643882
3.384390710391653
3.8978804586669074
6.630959485579957
4.239156299435565
4.591220767114578
6.8899125555053065
0.3689648883565101
0.2724777244860468
0.14169456025207516
1.305540948811386
1.4691719123332756
2.3242202094943334
1.8958982392979402
2.412223043134878
4.3876627395156715
2.5514838740747425
2.9841691353601822
5.537385412727545
2.3802836624538153
4.30876441133304
8.167618928476776
4.435827623594324
5.126910819060508
1.1797935174205647
1.7689078451288667
2.2545906737928836
1.6603465501858332
2.902148293251238
4.395038400287819
2.1323749961003657
2.851993211147313
2.117455243460493
2.7492165126820316
2.8245018755066384
3.598817349152128