-1.15815674449618
-0.7940254966574644
-0.5808667744146682
-1.2616958217417784
-0.558985516034953
0.02577809273979525
-1.2573848311047118
-0.07978156546956285
0.6421995587383985
-1.3146388032630703
1.4956564860993102
2.656900577440266
-1.5939558583216857
0.5457011386340684
1.5654794746608354
-1.599477942549887
1.1501246223196742
2.6635082531410346
-1.89872470177733
1.710572235291153
2.785803591211095
-1.5312802037583912
2.959165657334788
6.232669678659207
-2.5089840238996284
2.7384830952062234
6.875421445677746
-1.9602457390113888
5.336265997114618
11.342473750618849
-0.5388926599466601
-0.29882005261999756
-0.2750688156591817
-0.7331633446273901
-0.11878128442165563
2.836500088615988
-0.4782187605683083
0.41244948364945755
5.721042309080996
-0.27688859331081456
1.2899086517892009
9.010472523018336
-0.35359536195840846
0.8081381867639186
11.2721424791602
-3.699118655472697
-2.980557458226123
-0.9265868913543212
-0.7771141142258094
0.24602139807313492
-1.1642435870629992
-1.315511041601346
-0.3570341144355483
-1.2132897343713491
-0.8858050450152
-2.1609483967015493
-1.946823309540469
-1.1013608538952748
-0.7440192599594456