-1.0981988134583511
-0.7837345971402658
-0.3152998541257726
-1.1481598136123194
-0.39687666668552074
0.5858597406090037
-1.187274456165416
-0.15981567215596937
0.8977793274045575
-1.1834030188913944
1.3976280652487743
3.447816938234582
-1.0012558556388371
1.1036553220140626
4.871296975221686
-1.2125107449347998
1.3989795059373147
4.5581584869893845
-0.844459181301803
2.528992416653815
9.07187335826775
-1.0636090122855621
3.0571706633020312
7.815022182718406
-0.6239146907256662
4.128073903768734
12.104829979349736
-0.11833539200871991
6.164231574664966
13.885241990049568
-0.6366109505071529
-0.44650481661155605
-0.2707457410329011
-0.588599555268916
0.14984724749955933
2.8417328218101936
-0.3754601293596758
1.1557521785842237
5.97644793568564
-0.17417064668167054
2.265160900020637
8.92960684443429
0.26578059483027716
4.925922905516037
14.664680734770709
-3.848593948980797
-3.3165326567192905
-1.2306368921254103
-1.022148307368443
-0.1851025962158707
-1.170517492905875
-1.0121737668003579
0.010630122936339666
-1.0690771050115784
-0.604386310174759
-2.0815000394414667
-2.0202440860620188
-1.4925292443413984
-1.329677613900475