-3.8933736525446614
-3.612315257815819
-3.7523647241432347
-4.356562931510316
-4.331629466614532
-3.9893374343503964
-4.184474709814106
-4.361977711490099
-3.972252231635854
-4.424663406447955
-5.573096262630957
-4.466727882308998
-4.616127240583291
-4.2679203035621205
-0.9499948806599672
-5.281277334142539
-5.916948283315472
-4.565925848540873
-5.893259797828602
-6.0859039776799495
-4.4170115549313005
-5.651892010569302
-6.5912248762157
-4.118571773225301
-8.832047082181608
-10.591280173946274
-7.404844986726419
-9.561715198587171
-10.575136862864948
-5.326806917998119
-2.1342811229130025
-1.9093383985842214
0.08082448631304216
-3.8450070980278652
-3.2882435931252076
-5.082112702584764
-5.118321259231136
-4.165654442966869
-8.498148617844464
-5.977055541873187
-3.8005066298087606
-9.061751349200412
-6.2888694348345116
-4.070008808465268
-11.442316796713945
-12.84009183163126
-16.274355016943144
-4.379136332842613
-6.639390627487251
-8.265586044806428
-5.60242731453038
-9.58146982705929
-13.27244905605356
-6.256504374382802
-7.615322988058688
-6.497594802259871
-7.81559517426654
-9.98976833475297
-12.021568988984086