-0.037743713128368654
0.14405989058220897
0.9022403544099444
0.11712001389694815
0.6623660036001843
2.0422192618892137
0.07943223835731172
0.9430254568648964
2.410646417153491
0.09327528383513062
2.3883387372713294
4.798797953935168
0.343458162449075
2.48956439454961
6.787209313140714
0.14806989945311635
2.676251885768607
6.341992373016395
0.602530520975364
3.85713745145802
11.004659637863188
0.6476366643620524
4.730555522405407
10.361024645321852
1.3413481133425578
5.9738007494743295
14.946381646648405
2.4458921062203487
8.690227259152707
17.672581573207598
0.1386657146688833
0.26396094495131095
0.18860336970597336
1.025731959844997
1.9819044970940938
5.332493121615793
1.5483350526992352
3.3540225678857545
9.290207355365578
2.4049429847312713
4.868333037117296
12.954744437147562
2.221731547336847
7.4722647472280554
19.56474708258706
2.3250585101296397
3.597998892250799
0.4541586491398008
1.012165206904344
2.1561994350408553
0.765248001281513
1.7286046153910823
3.758635713230142
1.0431481600242045
1.9018133095265664
0.7774727710371617
1.3771414675429559
1.760521879688991
2.5300141716749973