1.4079137066449308
1.4509006219051093
1.861823374548797
1.413925248384085
2.0096577243020923
2.9535532118891497
1.471733939049413
2.4698556653143484
3.533892878187691
1.4617753624282666
4.1321466875733
5.899659767817589
1.7336959628802624
4.109555088334732
7.358426849215668
1.504742197208924
4.398422839583284
7.454234381527753
1.563010852167245
5.372871139783787
11.34831398208117
2.3018694736163
6.654488507441698
11.239834521952758
2.6707396732982382
8.027712230700546
15.602070767176132
4.098289409227521
10.876073505127248
18.58457601529872
0.8984888958136179
1.0018171298631908
0.553543753110507
2.0531585695068144
2.983047416403948
6.382303725823295
2.807264418201716
4.638504859374697
10.83595305386468
3.835112527317606
6.239432976939218
14.527188934242119
4.6212163434406595
10.299224674330679
23.63013252100877
7.617194221603557
9.85707328086575
1.5680579116291853
2.58431654659075
4.122914766875427
2.5414570161469885
4.432628385312234
7.6102163152518205
2.4745130411682994
4.163944479548598
3.2271699703531294
4.607035882374703
4.564426728402089
6.1759214791449475