1.4709163901650544
1.3546316655147979
1.9585778581285456
1.7378349258829335
1.536965725292897
2.2850133124114365
1.6931276282652639
1.5783446513364547
2.35359624060571
1.6542735735326541
1.7662542847844775
2.7564766709070763
2.0231801480532314
2.2953447502890554
4.039108790611401
2.025310238039854
2.444235671751678
4.003023142395314
2.473729347727849
2.7363610644368332
5.548390537338595
2.4651057643416006
2.8512579312132527
4.555224615567123
3.824209337830246
4.200064732962403
6.747909053471319
4.541030054390144
4.662532834786769
6.582015548382617
0.5287228107907723
0.44418153072625355
0.2122269454135499
1.6490287055581725
1.8024973456564528
2.509370273643726
2.217150716246513
2.7268027402998776
4.273217006304721
2.8249562645918624
3.2834223275608765
5.2908886635918595
2.7168399002826207
4.709939147031126
7.680601234493554
4.4602612896371925
5.078039959743745
1.5225203523100814
2.143226803811016
2.537984070147474
2.030192136914879
3.2935367858103906
4.579994351256892
2.5264754488079326
3.2007466089457433
2.352528226864508
2.9240032514282013
3.003964173551823
3.6804794609874416