1.3987357808629526
1.2681659742841391
1.430990229081245
1.68691542104762
2.1955157403297196
2.30017995868917
1.4944782126196747
2.389893996460141
2.5024444405860744
1.7106382166466354
4.712576314941338
4.936315648008067
1.7403351436081687
2.7854263701454074
2.0326207771281077
2.133746235643741
4.487324469218524
5.198289621741911
2.632121776726245
5.286784545245931
8.11100384754797
2.4075941096843967
6.413373132878765
7.513947511609577
4.902952241060886
10.215785255327544
13.379711160143906
5.797132011791634
11.940015559343424
13.25783803050858
0.612298198649071
0.5852298389683697
-0.7340856700929017
1.167492046536371
0.9037827578755485
4.302794522576997
2.2213968958534482
2.087998790734948
9.544257785361118
2.8122339355996724
2.3866827225676595
12.246754066475878
3.753301627907146
4.396360835911512
18.824211140054054
4.298053725507457
7.3947790950161645
1.2502821224957266
3.1191886580470523
5.176242022527946
2.1475580511266066
5.178730497036687
8.788155554555665
2.7163041677665785
4.119621893536329
2.0615449674703625
3.098816281571423
5.516067624067885
7.278039560226904