2.735216908048481
2.818289761158355
3.1714979497285665
3.094867109768538
3.77264395057958
4.015115527090192
2.927089878709394
4.282196146020537
4.614451790374253
3.1100246031848853
7.068752748730266
7.123628459749264
3.0221713822616048
4.813621442196189
2.5154743553208028
3.6817993915926515
7.067072905635147
7.229434101681908
3.9945350960512718
7.796476212971103
7.202815146142396
4.120611806810911
9.55039053355049
10.351241451884508
6.3230630582819805
13.329763269152497
14.280266432404165
7.6014694595757835
15.911402859979566
16.669280668616967
1.5953884629663424
1.6105183459642238
-0.35589330197222385
3.1118437534004753
3.1694623087035523
7.918612791200752
4.640102498662828
4.578103926616327
14.21919092692546
5.700166948562373
5.090415281597962
18.07222387221875
5.935274072876103
4.878146995229186
22.714459275874145
9.140973176158564
13.29379755871702
3.4525494414882916
5.862276513261442
8.511607442879562
4.438183727467381
8.265958785457945
12.91541494161801
5.0432146400114535
6.729517943043488
4.336646405558322
5.868771864726071
8.888407480857694
11.27754972902464