4.479230451192671
4.441727191739444
5.615210630534471
5.149461569250964
5.725973141164755
7.1290759493082305
4.9305303637833475
6.034274684248478
7.484017416542582
5.151775319370288
8.728869927859094
10.572385734847606
5.848356360138478
8.008127909693808
10.263649853485303
6.281579786181902
9.888507925430826
13.071379614566604
7.618209491948826
11.475981551337453
18.637312938438107
7.274445335442185
12.66804883446528
16.633314150579576
11.866590012490072
18.78803563497821
25.71518422750047
13.80911786281761
21.35681440420242
25.727782958451172
2.3219874388621657
2.2014909861334795
0.13364605360954898
5.3643842831808515
5.881643651432666
11.083590363132924
7.413645915418748
8.66602227450628
19.18330448852726
9.155985436248985
10.060431152298953
23.68780018582938
9.617882306708662
14.197149684990807
33.67098104020194
14.740047193787193
19.27265297563223
5.189445997112781
8.188948032378653
11.003739463514936
6.908480319293142
12.203294313710783
18.163139598328684
8.026830648915393
10.404506423670423
7.407681163460625
9.325521491889685
11.902513681656442
14.691356756019001