2.6876594513411707
2.6741213662096035
2.9512830862318813
3.0061616624578718
3.676432029344646
3.898143497497845
2.815368225371209
3.900115414909507
4.126773637564434
3.0283515325237156
6.336675162568018
6.6602744185916585
3.184708125350121
4.505420931915345
3.9173664276890565
3.615199312020792
6.28608297237347
7.120382603813773
4.260392777283941
7.195929254703567
10.219967461587881
3.9369969598564207
8.300656106419982
9.499837285330607
6.663011291503412
12.295808333026262
15.566959815935517
7.564511584995044
14.052380435212601
15.416223575228285
1.673995006736828
1.6405338074388236
-0.12559208449445766
3.003673832410809
2.897143499766299
6.62159670659988
4.145634815397688
4.172039460104751
11.912080791560337
4.899589156908606
4.556334024227482
14.739155976468359
5.703438219275858
6.662538998928227
21.459865166212168
7.674011951137131
11.193895091726084
3.0450823461513217
5.13052345875155
7.2986493543171305
4.016707475547666
7.438728834863452
11.356159906068534
4.574450505741629
6.0474476096644025
4.0157841717869225
5.127532528549643
7.588088446341178
9.403620600047603