2.3847135492512384
2.4017434828832305
2.6960272204246336
2.735848019524331
3.45702974492182
3.746543383828174
2.570779319906154
3.726658517018541
4.029302408183636
2.863665116750432
6.195180715117808
6.509049165337089
2.936405254979134
4.462139947822675
3.6980954031892805
3.4040369955558005
6.148964497332401
6.904895079161954
4.022060971076117
7.206680364701136
9.873280655455893
3.8344229105897543
8.470522467407855
9.92437180298003
6.349185857693921
12.365016190458201
15.603317579903505
7.466577250417377
14.602831287230885
16.4173729428231
1.7442240267911135
1.7291178128092788
-0.1044480620206187
3.2217103523146897
3.4676507445628486
7.9052355505568315
4.449505595683859
4.792874270552747
13.51513896690532
5.557042262012596
5.38541733936518
16.725607122756116
5.793761081888738
6.832334408662197
23.326462644807453
10.704889052123708
14.794313949450197
3.310774629672332
5.508329030580579
7.883801409699809
4.337483178897013
8.016537656639983
12.451090418026808
4.773177085599074
6.316389688639512
4.922539346432525
6.268733390381294
8.746326040890137
10.871103699671643