2.239116540929679
5.083430605718902
3.236082848849415
-0.5987696673332317
-0.3405995454776229
-0.2576005307995625
-0.4382232232875253
-0.4023285400357842
-0.6033000516673888
-0.21843314924885437
0.021583048871489083
0.5371550696498479
-0.8441371201434743
-0.9128767713602102
-0.8567485964372232
-0.8176504963344978
-0.555488358834701
-0.3825420422496131
-1.620890450859081
-0.033430390458615816
-1.8588722836938798
-1.479970293252321
-1.5969000939652924
-2.040145295087086
-0.9210014363285004
-0.8019127994158134
-0.6950259616507829
-0.9995145395292723
-1.0013433797464504
-0.7016505662704983
-0.7478700778416802
-2.0974629859171374
-1.8108310415884474
-0.7150656262862869
-1.9601175814735103
-0.7303978064473271
-1.3021851500486263
-1.8324878265988773
-3.5101628129480633
-4.008320114998536
0.6576744647547246
-1.4452543923565686
-0.5027408257770836