3.264988535817582
5.61341226092836
3.22446290794162
-0.24834505344422295
-0.03599457587107653
0.013114999377058229
-0.1743361360535399
-0.15329402364062739
-0.6939547570234831
-0.022887853344963523
-0.1528982232405044
0.454093833006312
-0.7754119775752772
-0.8420667922849965
-0.8412342853919028
-0.7779984395772891
-0.41236082841849686
-1.046391448313354
-2.436244436024138
-0.33114360831084916
-2.53404318398131
-2.1408080525240747
-2.2580176741826206
-2.4649045032002106
-1.175384682315491
-1.346267851006217
-0.7388392947168274
-1.6931853798523897
-1.686204682382876
-1.1977445597844412
-0.4878659011655511
-2.6512049567804388
-2.3141393838746054
-0.8875701441381821
-2.4855626889492917
-0.6031738663974039
-1.2416361903559734
-2.723164709072634
-4.473596448233358
-5.058504307021482
0.6362985210207631
-1.1518797586595635
-0.1280178475748617