30.81091392396362
30.333360951026332
5.9061977899053835
-0.2922086117478602
-0.19643810270056064
-0.21120152011866034
-0.38380680973063436
-0.6291467324419974
-0.31703100741286455
7.762572498954169
11.059045880158031
11.222807050031248
0.6331816189128682
0.18455056159604696
1.183069501360055
1.5390343394228823
-0.2169965709054322
-1.9623648387900565
-3.596920565964858
-0.3682244923366954
-3.973587571921913
-3.4119470629254196
-3.756830709668379
-3.964734039539813
-0.8297960517998179
-1.839280093615172
-0.7871442270066697
-2.4725928620261333
-2.6582177199887527
-1.0592493149807498
0.3938438251427938
-3.3899221048789903
-2.805071272277451
-0.4833800267114134
-3.011932308769664
-0.3669242925283631
-0.27627739903853593
4.563541312265333
-6.63663711552263
-7.034813894177155
9.411933059178113
-0.05123301802617713
0.21450661297126944