21.907040842491725
26.52929885179586
6.541386811900767
-0.2544118284203673
-0.15128690732990702
-0.15816629463634546
-0.24815304806891242
-0.42802552589516596
-0.07770262628606336
6.983440314009612
8.71797086428359
9.3591557401247
0.567038973741136
0.22258642606582632
1.0378725743097903
1.294550967260869
-0.09685547307636912
-0.6235004014211981
-1.938682627995721
0.1860496819348468
-2.2995909863723782
-1.8598034212846326
-1.935283408709266
-2.4669741414258897
0.15829242405775198
-0.6918292898998646
-0.10127000283103162
-1.0891790109545012
-1.2225793857862473
-0.09748172761733749
-0.038019549221297605
-1.8862014934546816
-1.4818795136790541
-0.10456317300191993
-1.6240788275610523
-0.2323536123672233
-0.022385148533853844
5.2671489566066425
-3.728899004133731
-3.851422755761957
8.573370071315464
0.19118208262605013
0.11036951896059168