8.903873081471897
3.8040633542495894
-0.6351890219952792
-0.037797410837035195
-0.045150567861111365
-0.053035225482523866
-0.13565313415211
-0.20112057903735886
-0.2393271261075251
0.7791328124541169
2.3410762708935255
1.8636519374160725
0.0661426451718018
-0.03803523696027193
0.14519692705016005
0.2444839996716078
-0.12013984280980441
-1.3388638098594032
-1.6582366829500699
-0.5542735467619652
-1.6739959580399228
-1.5521423866217547
-1.8215473009592003
-1.4977592706043636
-0.9880884758576395
-1.1474495486961187
-0.6858735966660436
-1.3834132235620376
-1.435638334202575
-0.9617663323443105
0.431862746854523
-1.5037206114243609
-1.3231917585983968
-0.37881497118079704
-1.3878528536990347
-0.134570680161105
-0.25389099548556276
-0.7036070168316451
-2.9077374838794268
-3.1833898833962184
0.8385636153721558
-0.2424151006522795
0.10413772152023744