2.0470959517915674
3.302922672830255
1.2200838762750634
-0.007940475852064786
-0.10425587592279073
-0.07880257587104654
0.3823747049027618
-0.09367253437240201
-0.8310868464948948
-0.4256618498674126
0.12979103145903448
0.4902869077214944
-0.502015230825482
-0.5822350790808467
-0.5723170721118955
-0.48287046886833357
-0.5096977268296298
-1.6540161270681162
-2.2795972347284414
-0.784171968989818
-2.2887962142609575
-2.000319959094845
-2.2148077103837043
-2.1708000827876752
-1.2079035994505718
-1.9217015120989063
-1.028996828716875
-1.995757178951776
-2.0021488946934562
-1.6446621338491256
-0.18804467852574464
-2.635300816088674
-2.4063974614980115
-1.0941765403886048
-2.5055496967477358
-0.7621278838245937
-1.4472001501547467
-2.880832057679888
-4.09666379049672
-4.609988289777
0.22303378516132802
-1.6274752029741133
-0.22367888569672253