-21.560469195031686
-1.071591800509667
7.045953443902009
0.9275469810293482
0.8481168209424608
2.060214287024409
-1.4004507356082696
-0.40448011220229013
-1.0182660381206448
-19.252947115332255
-11.547625451100828
-8.846711353145537
-5.1943798104852865
-4.96230794990358
-5.33066861182216
-5.383078210258036
-2.2039641770094187
-1.615435510888635
-8.382398204391365
5.2287736094655175
-8.37035629592399
-6.588172669695173
-3.9032412402134193
-8.169427734827043
-0.8983175857227254
-1.3096187267957449
-1.5094805216683542
-2.817204169605531
-2.8074338457817123
-2.886525150704915
0.8460460393925551
-6.6757604540771345
-4.5128040267601195
3.4538251684245456
-5.873960113760473
1.2913017227620487
-1.577653160289392
-18.28924930856981
-17.543698925210787
-18.45774190053304
-12.919775505556776
-5.020471811021516
-1.7367644843079348