3.115464468502346
17.55411721984642
12.581970649217542
-2.4685061307064577
-0.8979096398392299
0.4662991518698865
-4.5185538585928535
-2.3786182169639773
-2.7849601769834362
-14.138346237908973
-5.809148814234106
-4.096514417520077
-6.6905722549798545
-6.716791357023708
-6.661622942919524
-6.572133306310482
-3.9309706310062515
-3.91139758876979
-13.239065761361733
3.930025002967888
-14.115184336693765
-12.113207768077837
-9.907539243082708
-14.548583270261418
-4.326087233177537
-4.379005133799532
-4.105281462108797
-6.741745346453327
-7.241356442599481
-4.858402894489491
0.2532239252428928
-10.932604307749815
-8.495181928301662
2.313297286122708
-9.60580045286599
0.007218831075420983
-2.947441724347667
-20.934582578707165
-27.751787152669905
-29.811938176707656
-9.444200574023231
-9.566842823298762
-3.279164768696994