46.77390371736032
63.31492645199611
25.792345976961993
0.41491622369091613
0.7308359116885668
1.6110567491867287
-4.227478567388073
-0.8470820576704318
0.8357197420347398
7.5494514270887
5.180654921368045
13.744249021240718
-2.128644832040212
-1.9177125135170587
-1.3727204606642034
-1.4654387631962706
-0.2332823265094037
0.396141765143442
-4.172749693622724
5.991116776131271
-4.202284686072453
-7.350711619344241
-1.6344578356904598
-3.892384697311559
0.11056530193554519
0.8055095493183829
1.6220362839502318
-1.3245942424513875
-2.8547104160334924
2.352508240066114
3.9644905658590854
2.4872596429541045
2.65376114712604
9.19238440688882
3.6640590688187413
6.194674602303752
8.586013133916236
7.759145041727097
-13.288590484367507
-9.960933015611936
11.609831101274676
0.40968091142001384
0.018045919925933705