-6.660138281653064
8.940525768664696
9.401803507456039
-1.1264044110481297
-0.13512688828739475
1.1296298993185483
-3.321458173190668
-1.6010870592820166
-2.5243580226048263
-17.75660872153055
-7.600311122756613
-6.337802179178114
-6.233922415519009
-6.2428537308451615
-6.326385255158063
-6.226625900003886
-3.463103543605485
-3.995562048714742
-12.242475449015034
3.711281235861574
-12.525361845244563
-11.188844053947324
-8.696936898835313
-12.368397564635341
-4.090469200614775
-4.210343445587784
-3.4745044359857684
-6.253659122916868
-6.6006203697511765
-4.872217272723507
0.7391710603072638
-10.659322055767886
-8.28159437147849
2.1064170936478046
-9.518080144105424
0.33762114665450943
-2.7613454291195643
-21.82961805096645
-25.682556934430988
-27.503768187737943
-12.441958758347939
-8.511933884640051
-2.5208304204931724