9.250444728931935
29.261769150516663
12.952151233807392
0.635338369281488
0.6516787182419002
1.8490127669057483
-1.784257545338904
-1.0336268446442876
-1.3352970455335094
-11.490374616378086
-0.48857957094279636
2.3760956968857108
-4.5611981915724185
-4.777757388307532
-4.147599110462106
-3.8440438708351534
-2.420960747914851
-3.5778003496786916
-11.979318770356223
4.860549117128822
-12.343943867845903
-10.000119732620593
-7.660071949881798
-12.134161774366856
-1.7281136375225432
-3.148898820410917
-2.296624748675024
-5.2897970316316645
-5.4656515657704645
-3.945774465685665
1.2398898645353489
-10.065682558956125
-7.317875299037571
2.970445141713132
-8.885892422530137
0.9243774302336857
-1.8539305593279278
-13.725707996304479
-24.180336040733415
-25.492555794710196
-3.507842446378664
-5.071704829047693
-1.5222578713366655