2.154991587103017
2.6159401425246473
0.5916520824175805
-0.5398481455258684
-0.3367050536035673
-0.3062746558289418
-0.16685552179745364
-0.3868617452695077
-1.056738081962502
-0.6374607095140232
-0.40214212765353324
0.26129593459853007
-0.6542721901240248
-0.6888261414700916
-0.7335691826600349
-0.6781751707044169
-0.7458860168598558
-2.2248473029776727
-2.9147740510352835
-1.2671196001987373
-2.9472100772950744
-2.694819798532744
-2.9569176727786175
-2.8060995797234587
-1.4205331518602808
-2.4497126850055833
-1.5766127067527893
-2.6803321546235
-2.6972066390758704
-2.1720808693326346
-0.04209529785951737
-2.9443025820300615
-2.7261180357535224
-1.2032105138099074
-2.8237274239156847
-0.7865709957685632
-1.412846304705097
-3.6588562709571266
-4.802388549181914
-5.407577636803405
-0.01978729472351759
-2.339529131013001
-0.43703471327839655