77.90706656279059
84.71026655371963
24.533733300621687
2.422399996770133
1.6399999978133333
1.5918666645441777
3.179599995760533
1.6871999977504
1.8135999975818666
26.848933297534757
23.577999968562665
25.1231999665024
5.6822666590903115
4.746399993671466
6.911199990785066
7.599866656533512
1.7866666642844444
1.5823999978901333
1.7671999976437334
1.7855999976192
1.8186666642417775
3.6163999951781336
2.9745333293672886
1.8805333308259558
4.9713333267048885
1.8195999975738664
1.7835999976218666
1.9738666640348443
2.1703999971061334
1.6371999978170668
1.614533331180622
3.0913333292115555
3.4911999953450663
2.0557333305923553
2.913733329448356
1.7953333309395556
2.8014666629313774
21.12613330516516
3.409733328787022
3.838933328214756
28.03173329595769
2.2295999970272002
1.7645333309806222