-46.92342778467556
-51.374221493078046
-16.43483823568607
-2.635077300953151
-1.5927509756567202
-1.1578725966939003
-0.11673915515124061
-1.3782421356529184
-2.926725161994693
-21.66490981165271
-10.836905512361646
-18.294857271767107
-3.786515445364366
-3.957012051221653
-4.447668196863418
-4.328696103536922
-3.285327476078351
-3.261147905599878
-6.630071631714872
-1.7299481648525346
-7.378856466640004
-2.6216880962095206
-6.015063733209628
-8.191294069749647
-3.261267852797591
-3.838246832111697
-4.988478451342202
-3.7239657241495507
-2.700441344183113
-6.013166574771164
-3.223400739450642
-10.76865899392348
-8.834803691553097
-5.9915169766279295
-10.784296832735441
-5.5842819048309265
-10.291818667907929
-25.970562911361625
-9.989600220069041
-14.79250085407424
-21.69033019631867
-8.824643976059212
-3.1691928410480656