-68.334372912392
-64.38651825250578
-18.746392533059982
0.5126307573384321
0.11728090925389403
0.44915753783768014
2.8270278317798034
0.44260194546814163
-1.8539857801553845
-26.802398542420956
-16.728280372468873
-22.590960374386256
-3.0657349784450747
-3.044595436386521
-3.957948151157957
-3.9176394470617653
-1.9706818505000148
-2.011577276032077
-4.20964851076864
-0.7623431666657537
-4.168071609851538
0.7625389496490673
-2.2687834045229596
-4.277043037515484
-1.0088828876582705
-2.115128276114128
-3.131516805618586
-1.4926099271541435
0.047276570251780364
-5.239033390771029
-3.1184445264665306
-9.16302009703124
-7.166565173886159
-5.738559238464274
-9.538019182579214
-4.903372879541703
-10.163666294205628
-26.04839435029691
-4.255108440843278
-8.496808884921105
-24.529606606831454
-5.43015272244153
-1.7548104042338686