-41.60981465051732
-48.8379635643063
-17.693020129370538
-1.8125336318944592
-0.9948105377376133
-0.5995194320701589
0.9140672222579899
-0.8302810194271073
-3.76896192654046
-20.73676470169923
-9.492513994005561
-17.331692537502086
-3.494829678972413
-3.755010782593214
-4.207651798569515
-3.9198262281446876
-3.4180217024802544
-6.142008140341807
-10.17111505984018
-3.1535425756619793
-10.597108500820372
-5.289463428738758
-9.063240689823159
-10.721461546354766
-4.2394253836942575
-6.624349515736597
-6.068666121913217
-6.750083280596332
-5.755971909625202
-8.599233750069354
-2.5025737194798396
-13.503628904803097
-11.380551080936463
-7.068571920553349
-13.38737226435026
-5.752028783249584
-11.020382858159302
-29.806760038084686
-14.832286682062707
-20.229670537761574
-21.342356852513273
-9.50924472417478
-2.6337725749111325