-46.27532832702553
-50.49544638488319
-16.048255868338344
-2.47903343001588
-1.4388521501408695
-1.023773540169128
-0.0044949206320622145
-1.2800590939368413
-2.9374774027646944
-21.52987524002903
-10.78305701942662
-18.157704491422628
-3.773563874574334
-3.9564411549461713
-4.4600660117993955
-4.322611091249386
-3.1971230970331415
-3.4007871229211966
-6.970467947556406
-1.7504755983145572
-7.630705246696762
-2.9190933612331995
-6.248905299386217
-8.295207287804129
-3.300940006800654
-3.922620835692753
-4.889899632444108
-3.9247127630603353
-2.867984677950451
-6.136571888225974
-3.1639218799711584
-11.014027895653083
-9.050320062786664
-6.047072779998331
-11.029823352943554
-5.5013700185984336
-10.20788322635933
-26.155742095091078
-10.414070294364016
-15.265181404785034
-21.54846116456372
-8.540380270378769
-2.970668161125815