-55.5890335861164
-56.99034082585606
-16.982194551923534
-1.0014724892131774
-0.5292577463723942
-0.17515219403923848
1.072875915994859
-0.36714325634207706
-2.303339682677064
-24.66859943910523
-12.378823916471125
-20.343347135017364
-3.4510053933547726
-3.636315075858011
-4.220095611833824
-4.083011966103198
-2.483935200236225
-2.1668565108805113
-5.1549517043570265
-1.0127159400709604
-5.375867081877034
-1.1433126360703407
-4.105561390366235
-5.669913287600323
-2.7805013506900393
-2.5661403099005837
-3.5199280131832107
-2.24873272584198
-1.048703314641814
-5.052644643456986
-3.1832242076923043
-10.202279116691928
-8.209237482851007
-5.882756799431108
-10.35841178900848
-5.0704824598806795
-9.934512258330702
-25.92990682173642
-7.591577900881565
-12.135257535322602
-24.032002564899095
-6.582085665047064
-2.1018416271407094