19.132180705480756
17.856044093481778
14.665985251207713
13.390343343273331
25.684748876797606
20.002374750339563
13.538068705888543
10.956628312316496
8.388525062781174
7.240435346402532
22.184437040874887
18.484053314244054
13.296510126292743
10.408610500602125
8.054357022798674
6.599099179888388
18.028931442365668
17.724044106634782
21.489123353540876
17.742522362450494
15.432363074049384
22.937905255120864
32.75808378253824
24.367168085918752
10.025478025195122
7.948753821727164
5.073125821937769
3.9851786486454075
15.475901787596552
9.198168867827505
6.792527634415628
-0.3468719383942113
-3.332360302789826
-4.363657434716058
6.499182135359905
0.6790428846489267
24.088637728639263
4.307030281134065
1.8412561118071644
18.233642796140984
4.894079042525737
1.353075668964572
7.0951586478266835
22.862698096930362
19.952728211395563
18.26372300530244
5.147862114524516
1.765830408351834
23.121843978580625
21.298884538265337
18.62683455413677
17.593974771548442
22.515007073444977
19.494006838632032
11.889827770812001
9.493526139314785
6.826832384144922
5.879852769276094
11.85844510657252
9.015365154794578