13.942913334611706
19.630188183976294
16.077311459184347
15.03703523084006
29.920651527241898
23.994566997407865
7.672485212214897
11.792179398618304
8.900685077510788
7.973496240670903
26.06288870856029
21.00013355639808
7.357733965858908
10.944183144881574
8.526666085340858
7.208634583210465
21.163188418453267
19.902094566655766
20.96970277145026
23.923637680447005
21.382812062524145
27.130857411321745
41.693611608237234
29.761764606901988
3.8573896029783112
7.710353100533257
4.743606886705917
3.930109098037132
17.150817047141896
9.91547090492795
9.154866786252649
5.656146012742153
2.588161826681919
1.8705089891471294
14.168888894002839
7.68195693501241
22.455643366986568
12.111118985770393
9.958390646810171
22.860137409883432
11.951051195977783
8.50289091779012
8.012351483278957
25.623150757515898
23.12130678521661
22.27863949765816
11.78651403335009
8.495988971515361
21.472401364579234
23.997748665405116
21.883909603288814
21.201427876517254
26.427833200896675
23.570760149886254
8.74473687731185
11.234538140452381
8.881844425511785
8.25072314701533
14.452536362703299
11.992692690218817