-0.7195727425667163
16.134690214224726
9.852479283323882
9.469424230046169
38.01983222809156
24.85592538323947
3.3673292506807986
19.78476899754591
13.136070520770476
12.421385450166603
44.46152722370465
25.003563322478033
5.9778179660264685
19.40827392920843
14.266842747890474
13.217312300974992
39.133199222545855
25.21535909415012
-13.029622936559875
-5.173348827577786
-9.053539759117902
7.688762941978335
-2.948690012784162
11.296891456194421
1.8148316936480793
17.109599734303234
10.967692410903686
10.452921845962843
20.057767031623932
11.409856982204742
-13.834524429095396
2.679847347012468
-3.3674070618662326
-3.7810663838946916
5.026643995054965
-2.4615581064135132
5.3563513230892745
-6.650582260474573
-11.465397225850745
10.24836878963228
-5.240936627266264
-9.21901465759949
-23.76972829771406
15.835876436848318
10.40764703120883
10.6057323465045
-13.004741554996288
-17.050466998426167
6.461651054640225
16.40391315078978
10.97226005299096
10.456705728609672
15.026293095485654
11.27796137529792
-0.37646432036905514
12.945014567565954
7.346349800373119
7.047053468145061
8.827815157742503
6.276670648995588