8.213918790137162
25.751653236998962
12.234915336826536
10.627374523719322
70.62250682922028
41.795583606013096
4.7267690990125875
21.72302240900259
8.012790053475493
6.069233558727274
70.58282186962674
31.411426140163712
5.408495484996597
20.68627244929564
7.9968406429890075
5.650926900897446
47.77394938788544
29.255509742648954
18.93486063683853
32.75319720181461
20.19479252918376
23.324669024812724
70.94511639662142
29.983610340136092
2.369039979415804
19.044243083261254
5.161599966085925
3.247338755146265
29.984774997879466
9.906482128547948
-15.490810184823442
-4.5282043664131395
-18.352930233729136
-20.151119746336473
5.229162037882439
-12.619960850428592
25.011030686242012
-7.64307522593385
-20.130277016301072
23.228197587587015
-8.02518650483336
-18.872259655623356
-24.119247985086265
35.82453144806255
21.978644703364186
21.364553807795254
-13.405759696938599
-24.5959525650984
26.529132561762495
36.62607011686599
22.23089978142684
20.103446590044133
39.02953589825295
26.03149175279053
2.2855874830314042
16.347990753821666
3.055408681124619
1.625670191805141
14.820377088390721
4.901194166348431