7.494346047570411
41.88634282371413
22.087394620150402
20.09679749874632
108.64233905731183
66.65150836174298
8.094098349693422
41.50779015152941
21.148861201755544
18.490619008893876
115.044349720841
56.41498946264176
11.386312823513522
40.09454575099449
22.263683390879446
18.868237946853352
86.90714798292171
54.47086820928951
5.9052377002786365
27.579849001746346
11.141254025084962
31.013431339281535
67.99642701134681
41.28050242384002
4.183871673063848
36.15384281756444
16.129293004499154
13.700259973599515
50.0425426570129
21.31633911075262
-29.325334613918873
-1.8483563918910941
-21.720336040576267
-23.932186130231198
10.255807287956488
-15.081518329332583
30.3673826368409
-14.293658113917948
-31.59567361464226
33.476565749709735
-13.266122504589996
-28.09127431322281
-47.88897628280036
51.66040788491075
32.38629298959216
31.970286781809275
-26.41050062442536
-41.6464195635246
32.990782988893145
53.02998264014621
33.20316046192732
30.560151063634667
54.05583024875778
37.309452500578836
1.9091231626623493
29.293004693878025
10.4017591090074
8.672722404931205
23.64819224613324
11.177864815344051