14.672472665294865
21.957625339427903
21.813753760259146
20.998287480375883
35.43933947247414
32.08124239595387
13.044076891363392
19.0108058905989
19.34684656155301
18.539928524375775
34.773842692545365
31.447406343555887
13.969882771178954
18.99105314278671
20.205372404998865
18.869070023902395
31.622666524459532
31.412583058204156
13.028373456466733
17.20295427695114
18.208439155787477
26.89686877949785
32.5796525322739
29.00815618568514
11.533230054217192
17.148823149947706
17.633981704414715
16.930251870784378
26.56731423498118
23.074158562634107
5.258545872702592
8.029321945318529
8.466200155202756
7.91191534589912
16.691829145340318
13.895124815706827
20.149938014057895
9.894246873100842
11.684315549176137
25.761679018107504
14.598318609335523
13.975950820626988
4.683081618636411
25.856100421761344
27.138946014570347
26.215191724550287
13.532979053658503
12.970705039248381
19.443752493300707
24.330156102442654
25.991738414735266
25.44249790315314
26.626335944964264
26.950957452342042
12.207257699857237
16.89893024251734
17.847189128495415
17.198398652299367
20.585725131027036
21.00319960575863