36.62163362430288
100.90610376212663
82.89591423000003
73.34874533047166
71.75719283350438
53.28697604296537
41.15652598754777
99.53814547148595
83.86356534693412
74.61515374921615
58.47858853620922
41.54040496092725
41.948518353401475
94.85659784884649
80.64798045807262
72.50638904725832
42.0773774415506
33.459562750653646
24.3157130706103
76.98981935160364
61.175781502384304
51.525493956814
-30.200616951175434
19.55725160125596
34.84619572570219
81.13844193007711
73.23249918443629
65.16218658479974
14.507519019451681
21.559358503085466
65.60936244730318
125.69148263809497
114.99469112423073
106.0612014740714
57.670280921765375
63.45552373392269
26.763401960861007
99.45085261654579
88.97838322036307
53.97825939965126
45.012496932589784
48.27219574362014
53.68135325126081
59.444946983583534
61.207389159097815
54.10890061478404
35.451403596079295
39.87870944537152
31.310819414943236
53.38556406984108
59.97216169037021
55.07665213304202
12.382897151245905
29.99060832664943
20.125367381567088
50.188358936019064
46.98915832172031
39.790550626943975
5.316122940212784
10.74359117663707