45.94023233408958
133.54165373719877
94.23017284949086
81.46471103918574
159.86167003202584
104.86369195439072
50.37329222567974
130.79585092731344
93.37023051547182
80.61528225917151
155.93960223174895
92.94341959023033
53.1307575341273
122.79635585732721
89.75558265261195
77.74273503485138
121.17804255060945
82.333100374715
35.61976084600688
95.95134636048707
63.672199397637684
71.80624437958225
49.320029965666485
58.19467412799477
34.07530928934287
100.97251219198313
72.8542335959942
62.1371234113428
57.59449267960996
30.603085915930194
30.819298074774785
102.64858916762341
72.31357754446216
60.96301604211282
54.96885559427605
30.74602649302149
54.101997755520316
74.5895765458857
46.385399947784094
71.1728677724833
24.16467306009931
10.412892465237222
15.278166425688498
93.41179341611753
76.48900216840481
68.95392351637999
10.45251880854713
-1.586614565211333
60.45645365871538
89.70231905567286
76.89333752141098
69.4273987192241
56.546676768953866
56.04264729075213
17.248616102633537
62.10065473807068
40.684871430670746
32.006274185634965
17.45007024875022
8.649254873188584