-34.74674173559585
-36.24643812821056
-31.807163161619457
-31.55426237627054
54.55262956745054
57.8996369210588
-27.39945945607788
-29.97431504103169
-26.793816094205557
-26.96399982418277
57.99460672782652
-9.311657658979982
-28.08567943802844
-38.43608253716453
-33.12979392670694
-28.803253562679462
-5.989851716900778
-27.822858353966524
99.41997098853969
95.87535146193336
101.08726890951434
6.035800476682202
104.71056683996275
21.426886842332223
-19.719063099110596
-44.1469566813768
-28.077144680529646
-27.329223565883538
-82.57645036808655
-77.80689264711862
94.10546827806463
77.98854411454697
92.25535046679649
91.45731141882169
32.49532905071161
39.56440998691986
16.521441298856168
69.86343675236607
78.1963144124054
4.958596858544683
13.230860232333445
32.20241511828479
92.38853874355723
-39.1930849698398
-15.675130450336564
-4.934864446814261
20.89228760295637
38.81606028359449
32.82244037173221
-26.139105877299617
-2.208165353698482
-1.1772085623277928
-22.401752436891112
-2.6014601078953845
-12.98919563309511
-47.92200901353482
-29.50054093067231
-28.3533580737611
-74.76279106074317
-61.88332237687413