49.92284788103139
138.10639668257588
104.94781507082456
92.87444373935934
161.6160075902381
113.67218872832183
59.05552158807
139.81326712973754
108.9197251966833
96.8690045848686
159.13693472307614
104.38563458858914
62.20077088756898
132.9967933790413
106.2732453869199
94.81455496309472
124.1864180015353
93.51420255769138
32.28275023866868
94.39647460158059
67.97673898790187
75.59566568177813
37.84187859984862
60.42753988806479
45.696605452759556
113.3229434845969
91.59289066873342
81.41299702331287
70.25033901714079
48.805832458726
37.94247162524003
114.85862767673042
90.5896790417993
79.74205696197524
68.12622875060474
48.770779134617975
54.06569660546143
82.87982353564767
61.18972371135705
79.29861165832881
37.96662368756613
28.41934619136608
32.8666486386899
95.96972770254423
85.53245602848621
77.83943169159635
32.28494594244612
25.727726458227327
61.113372588147485
91.92956373319014
85.79784051014819
78.84086331336921
59.85096820140031
63.861693634541226
26.99048212597307
72.5628329599867
57.11299190041585
48.604340870722396
30.51362648577688
25.619316035179654