44.11597967187329
142.79244658584076
104.98330885015044
93.44554282921797
180.3995318908162
119.93848440470836
49.25062433724119
141.04593562301537
105.01242654868967
93.10577275811002
173.5229382570502
97.955394423569
53.334831176914996
134.95114359984098
102.91166384895207
91.37462699411168
128.9845254244723
87.93043095994317
30.220950770888937
104.56966835334998
72.31703552746927
82.53892529609554
37.795810060171384
60.837754025095975
39.030067398766036
117.29228474764155
89.36179218893544
78.86244655839926
64.55006167646458
42.875697613838085
36.28402783338431
123.84312624620387
93.27435508365446
82.1290153438402
67.92608820972187
48.3740054045901
57.130784597701904
85.15719450262783
57.382709605720805
87.45482514936099
31.746374427999786
20.180921430397323
5.7923769684604505
111.10535486849427
93.59368214868996
86.07918739659331
9.040902971653935
-1.7677101181530883
64.30160240383638
106.4155467099873
93.17532215229753
85.63680319667668
66.43872740000369
67.30006082722826
22.034490544229435
79.48136362989709
57.39091743072771
48.46327303187518
28.964315186346028
21.921455991981123