51.374956024999996
143.799016475
81.51404505
108.76659604
162.6815879
115.72574307
53.552255585
139.148666805
100.7863
92.94359625999999
161.93173735
102.132918015
55.6392
144.00544197
101.8857
108.783021315
151.00019999999998
108.011118235
51.0265
124.00741691499998
90.103
79.14074637
104.7059
77.58669427999999
34.21863141
109.520417575
80.6864
77.96844658999999
89.59178856
70.505
41.347
110.47254219
78.48759999999999
61.44219647999999
101.88893845
83.55394351
51.385
110.287617135
80.4952
87.22014615
98.53666350499999
83.966518455
62.119625250000006
113.43494241
87.9998
91.82149604
89.57563933
88.184268565
62.59409999999999
99.458517575
87.6891
80.20489625999998
68.285166805
65.72361977499999
21.6056
91.26469295999999
53.4882
36.38124681
37.9054
34.2965