11.22401487603976
16.81716871496958
14.84827265753238
14.256413089078896
29.47832962988158
24.94042014539266
8.49973732833583
12.490342143762476
11.220457573917402
10.717739838609182
28.691811865749006
25.62896752703578
9.590052737768126
12.244274383379935
11.99865125430892
11.002220720953986
26.253253828959966
25.566833739865732
12.555636522766031
13.800222065784702
13.572832080392523
22.921462845513382
32.51150111918641
26.542567532029313
6.130831868144456
9.654648877471747
8.654487560073997
8.328684164795254
19.632776317036186
14.568093660073782
3.849959836449464
2.257270558790341
1.2173458393390415
1.0293262718632494
11.27804825525139
7.066567009312951
20.06618844460762
5.2445088484284526
5.644108407118853
21.360326976189945
8.246328865739041
7.401954397006958
2.2649185536913166
21.48250317160852
21.540521703393342
21.45032367878685
6.774394970704835
5.973623466224068
19.684302529491575
20.405197617934043
20.870273555363173
20.73844312222688
23.275971854494696
23.350465278919206
9.359735403963407
10.853838128043412
10.638008621380507
10.50376568255991
14.243967592201532
14.439275481786096