1.004215e11
1.0020329999999998e11
1.0022809999999998e11
1.0024269999999998e11
23.29279996894293
23.29279996894293
0.411649999794175
0.5378666659495112
1.4054666647927112
1.2650666649799112
4.180649997909676
17.8281999910859
0.3323733332447004
0.5378666659495112
1.4054666647927112
1.2650666649799112
14.236506662870266
11.521386663594296
0.31855999996359313
0.5378666659495112
1.4054666647927112
1.2650666649799112
11.082499998152917
16.25048333062492
0.2354971428302289
0.5378666659495112
1.4054666647927112
1.2650666649799112
8.789302856138365
11.027074284454049
26.4626399929433
0.5378666659495112
1.4054666647927112
1.2650666649799112
13.461149997756475
16.16476666397254
2.7707999986145997
49.24574997537712
49.316399975341795
1.7670999991164498
26.571866659580834
27.228773326072332
129.62906649382793
0.5378666659495112
1.4054666647927112
1.2650666649799112
50.483149974758426
50.94574997452712
0.25599999965866665
0.5378666659495112
1.4054666647927112
1.2650666649799112
2.814666662913778
1.827333330896889
2.2397333303470224
0.5378666659495112
1.4054666647927112
1.2650666649799112
1.01025e11
1.018698e11