66.74406073507372
150.15790368143305
109.96002455192597
97.98193818461623
75.3883889373334
22.969488035924055
70.10026646954273
148.97798656972685
111.26336153216658
99.60578584268337
71.88210679536215
81.25494369281223
73.85870300629682
150.2882552496102
114.35871049397802
99.33735401432037
106.00470584905696
90.25386416202575
-84.76991291398308
-23.847642781893306
-58.797881574400805
38.63958649157831
-97.0841484825335
7.006022678760559
49.936982785475145
137.40911577282665
96.18777138981794
85.5362378791892
123.02012600055461
98.49450765812085
-72.4410369895425
19.003899040334293
-22.52993474901625
-32.364804365856
8.304637649561608
-16.500340428910782
15.12491308967758
-7.384979192250757
-41.76930511143148
43.354133504055184
-1.0172383682119184
-30.29241357083769
-85.12272380114769
106.98172762844143
69.04282583352477
51.61014846553609
-22.22628282775933
-48.89866382032119
6.161611922403932
91.84367626756736
57.21759327182065
49.403179405034635
52.52059600494831
35.07334724876126
21.493074858416797
98.78812561115312
61.30356793583127
52.108909112380736
77.76032494679009
58.539884559843905