71.36837535989874
137.1525418903372
114.70307739161949
104.9030077067422
17.20456326605384
-4.612660878093428
68.55598544362564
129.51246051251763
110.65738144113968
101.57915357339893
0.4839818083827071
50.85206261990723
70.03419779142992
133.29268038601103
113.77777438477956
101.3096426099378
48.06722915845138
61.28242110462018
-75.10425791792939
-18.885532110329727
-39.91148740713003
45.489693480131805
-134.91118379113817
-1.8696352410762664
54.56525882481278
125.28539861145391
101.30964386496593
92.49141015068328
97.08396938753825
99.36625115020408
-28.49610583076145
47.702938523548
22.73934065743424
14.603890055249702
25.174951871053764
23.891113747002823
10.24196066200484
29.587415864179718
10.78206880795766
49.01966254110657
31.781636700256335
16.069780625335344
-38.70718549229642
98.63803195342334
76.88251960943438
59.0437650615983
14.559115993122928
1.062649161777026
-1.51162095678898
79.5246699471407
62.18032704406869
56.25386069536981
34.784649588137015
32.592068434544814
33.114563014662195
98.11036794955388
76.48969925239261
68.14390870070507
80.07891400095595
72.6269135535112