65.61606123863696
173.00298568679264
128.82358189681332
116.34051527458797
113.89427957864126
55.38052428469112
72.3537066610313
174.29565307743528
132.4924305239538
120.13749568873702
112.16159791437846
111.21980481599871
77.89521481219613
175.20103859072222
136.9457741720418
120.6980825269668
145.06978827382414
120.11373525447723
-87.87054403791471
-6.995074130408316
-44.58428420933875
56.81332925071213
-80.18473614638526
27.049797076760168
52.780985087827
160.34002805262796
116.34540213518439
105.27033511832283
149.7176964492431
121.22974312228371
-65.14293555272705
47.52276412765596
3.0777941402733444
-7.015863288063902
39.96887792170429
12.11055525565541
22.6480741653986
15.494438758228734
-20.01101892168896
67.62712547039442
23.70061706294749
-6.86824978468294
-88.0062283768622
131.89022962995443
92.69686547917551
75.93155884488775
-4.47088880033278
-32.645368748929435
14.297637006459603
116.0816508968712
80.906464704954
72.84447079668189
75.46270375434032
58.31362523310324
26.08317925528205
121.00883235946571
81.86246357433527
72.21538613621968
98.72233943345307
80.38138496804606