65.22835402526508
151.1435264036523
110.31919347011936
98.00853879868347
77.6447504073403
24.211459947659094
67.86748180880868
149.08991132846296
110.76371864202035
98.79617193595047
73.59232071765663
81.59963578975979
71.61647171499077
150.25594160277382
113.81384126293779
98.47630509424403
106.9573186831322
90.4263598558417
-83.2098749993912
-20.07615494300424
-55.55526278928842
41.203242995012985
-92.44189793079607
10.184846649482653
47.60631160263047
137.13326473076756
95.3704271921936
84.45850116307489
123.32441628980541
97.83905838556126
-69.93074289318203
22.342510316008326
-19.718271392808344
-29.80459979563448
12.139493876206805
-13.542117044276253
16.264103566508382
-3.192476823605207
-38.0560291400239
46.14417424001488
2.201885611842325
-27.61243682068096
-83.99638130770845
109.86577225457076
71.46292796513185
53.907884004026315
-19.520005850489383
-46.7296053081124
7.288160156143877
94.73129895070377
59.62366208962769
51.5579599550231
55.68283845849318
37.607281165759424
20.498670542143806
99.60119746140286
61.65334353541638
52.24793993220595
78.72159428277693
58.974187596635396