73.44557474058747
157.53566609581688
121.90670557491163
110.17229302655097
77.58504839290599
30.832131661870367
77.95524371581205
157.29724002700675
124.49308371697146
113.1152645704422
72.45051612950063
88.06832472053334
80.6963975878293
159.18860153282588
127.40438805931791
112.6155878048202
103.9230158894761
95.77022717179217
-79.69285727263704
-15.279098926137477
-46.68336200200499
46.63840235958254
-99.38018935930054
12.458085513703253
59.2848366837257
147.81525128850194
111.01554778918906
100.41353642440116
133.19401306819117
112.04463144577083
-60.01295648927406
34.612813003393114
-2.8830172643362335
-12.7445807287097
24.352851444641733
2.1398021383851584
17.478066861997647
7.771877934853148
-22.65069910816721
52.979687823594176
16.489434589493637
-11.18502332392567
-61.78680865855865
113.68030950077551
79.66706477542942
61.32397245962376
4.618263368784916
-19.06195729159123
8.606629686923695
97.6634719925557
67.1357323084835
59.27962875347013
58.97674878379673
43.1126884635174
30.619942355104776
109.63100384547809
75.97552420970766
66.45393326192358
91.03244995431852
73.0633629302677