0.5920339759502694
0.2728812256824274
0.7484880367063105
0.0031673300302842637
0.19783603022020663
-0.13310415329643144
-0.004623556954647033
0.7463582485510306
0.18464999675995575
0.4156625822924052
0.398486659189584
1.1680829007542237
1.0396884370015342
1.188774036402396
0.6313978872198933
0.26742760786815717
0.9076496204905231
0.18491133001932253
0.7939128500901642
1.0311667473622304
0.6102147570941382
0.6064070523010338
1.452329931621025
0.7406519144389386
1.4614634430806759
0.7929698977488979
0.8681570195597186
1.1711096855857344
0.19399737100829828
1.0322461874247852
1.2241412294697414
1.2208637790411518
0.6724753796336272
0.7195794161304289
0.9207784865733414
0.6986648274651134
1.033387707635797
0.9165593319206055
1.346650934296907
1.351907743778607
0.7179874344164501
1.45150999186109
1.460609497951207
0.9964951147554362
1.154133788686334
1.153721408228666
0.9249760097174105
1.3594959784343421
1.3572755873112692
0.9985270020066938
1.4281015879610306