1.4031459707620586
0.6911936490715911
2.039682622875751
-0.0509406807747331
0.18943171185249505
-0.5124637306114861
0.040753442084490464
2.122578996443072
0.40667310937737045
0.8754017711703319
0.8173614961794068
2.9742970727586275
2.7328022449962757
3.0108081624162746
1.159018850837647
0.36632311264235423
2.2941862484148
0.5128817617929307
2.0387024723961567
2.8059736241224655
1.3714261155155343
1.3636001651789715
3.6586202106458474
2.1301020993709407
3.664015412968352
2.1346266842622676
2.118479105002015
3.0010883292414223
0.4388743403853854
2.61298084760062
2.9974603494623344
2.994579387183762
1.555796854207124
1.9058587744726432
2.3814458057665506
1.4699311405428552
2.6984368954135793
2.370444111122816
3.24053706356414
3.243400750504211
1.9904803983509227
3.560191005716665
3.5617892631532135
2.586313909546715
2.866776521246422
2.8590522933468607
2.4680126195472276
3.3434657103318597
3.3417375891641483
2.6715490357170855
3.5404877577410447