1.719717559600647
0.5735763683370843
1.6742745722845553
-0.7143104473966091
0.5216775626677667
-0.4326151308169937
-0.5680091035208382
1.7592619570527084
-0.010327552338512935
0.029728892914517555
-0.035559711746103506
2.3957122732635505
2.5703908544616487
2.4105704446252476
1.2602073690420672
0.18292029175908456
2.2683905835396168
0.10222507238137142
1.6675978705661167
2.6780702399385254
0.7406570637827304
0.7099354507442233
3.290441759313112
2.3258729692738362
3.2868473845534427
1.7727283122103263
1.9936166974068157
2.9847379269679237
-0.10769068064898576
2.444850036868928
2.396453989563533
2.3960373232156336
1.192532973034293
2.175525443755155
2.2911378050895914
0.7036553350677744
2.5382585999323073
2.6322996926321123
2.921666941092325
2.899832118442563
2.2603358708274466
3.1824574041900613
3.1769516353106284
2.9613694709534926
2.907955857206331
2.9070271430575323
2.7226723644442417
3.380201981794656
3.3883558410172885
3.043113886315601
3.69978256054966