2.2696813707043275
0.7544980421476628
2.043978104654002
-0.9588189199410788
0.4665665355607407
-0.6208102679376227
-0.701209930312505
2.217383468954851
-0.053758116495751046
-0.1342883008593233
-0.24897947815939803
2.8360018459991716
3.136959196032719
2.8398616573027375
1.3091261318108587
0.027657483856950587
2.8846407395044547
0.16302196361154286
1.7677552989472443
3.3430841638110387
0.765985232152933
0.7218612699319986
3.915792058916983
2.9212032115273634
3.9017063518238837
1.979128756685498
2.218833643548171
3.5547305882079057
-0.35170781320793804
2.733970046562457
2.5590379515020434
2.557704493687066
1.1947361590994254
2.439300969829686
2.669443866017061
0.4640389270529281
2.92579846403535
2.9877537379130548
3.2569628692678485
3.222507574347321
2.626746233026144
3.5392486723433745
3.5258544807852057
3.3303563874055526
3.239962380268429
3.2373293501547313
3.1700038494621334
3.7995791709336815
3.81342203182731
3.5018924007271526
4.12984372745737