3.9893983027955717
1.3280744104846076
3.718253304448239
-1.6731287398280064
0.9882440982285072
-1.0534247712450742
-1.2692190338334128
3.9766454260075594
-0.06408504132472173
-0.10455940794480574
-0.28453856239616826
5.231714119262861
5.7073506780038405
5.250432729437597
2.569333500852926
0.21057840312543805
5.153031950553683
0.2652470359928446
3.4353531695133612
6.021153776239883
1.506642923445136
1.4317973481858337
7.206233818230304
5.247076808310881
7.188554363886799
3.751857068895615
4.212450968464459
6.539467887666148
-0.45939849385706316
5.178819455921773
4.955492568575049
4.953741816902699
2.3872691321336488
4.61482641358498
4.96058104359704
1.1676942621207722
5.464057063967657
5.620053430545446
6.178629810360243
6.122339065280341
4.887081476343839
6.721705449024102
6.702805488586292
6.291725858358906
6.147918237474552
6.144357120721736
5.8926762139065145
7.179781152728476
7.201777872844738
6.545006287042823
7.829626915516572