1.690569810819676
0.7509667038606948
1.8357584089353216
-0.36948139524027995
0.33447442027016916
-0.457712258325038
-0.18232331995210124
2.0143259944370335
-0.10611901267474284
0.9143682875382713
0.8853911303687065
3.1140130031238726
2.7714802287037847
3.143009200816087
1.6701443501687052
0.7871106069271459
2.459022468293689
0.07831519986365003
1.7127491412382025
2.9265864930507735
1.1836300280396177
1.1743892526055266
4.02703060519973
1.8799950147699303
4.035546627172107
1.8898438645379692
2.189500665240219
3.003903525379855
0.2965002588150959
2.5423351511553
3.004133333813679
2.9983754924614114
1.4707960237913107
1.5315571802349144
2.487645087581466
1.5632480464222933
2.7026871695208716
2.207732912835303
3.603601901841293
3.5926434068380377
1.6955838274396655
3.8163152368175757
3.8246327191578615
2.4360352538294463
2.8271894023159687
2.816337205549359
2.373897990884271
3.5059866201094407
3.5078257928988297
2.5892553085255687
3.7067984274200825