-2.349634246308813
0.8640116380435757
-1.7171673607907656
3.103863086775834
1.995700029133215
3.57082432588721
3.571382809410608
-0.7821530159948687
2.7417335948087045
3.7577845241909955
4.185275411913944
-0.5948100368411883
-1.9874796539393713
-0.44960432468136746
3.4525513240059804
4.846187305808429
-0.4680531057558604
3.493126092168709
1.3874361873538872
-1.3156616438725373
3.802789509794762
3.913362969402079
-1.054272536683126
0.13246099301627037
-0.9613383708178057
2.1572523653860727
1.54602667841683
0.35413502018007276
5.916881767648848
1.1990954679930514
2.4931519576972834
2.5137844720607454
4.377067433881735
2.225155174807104
2.159191369895182
6.360129420438545
2.0469424597890105
1.77262038058139
2.4608226652020497
2.583262330514063
3.129597253842795
2.3280604675720578
2.4068066423023375
1.8276529689899914
3.377902786742806
3.463771194921867
2.8060972503573676
3.0520307971650906
3.0483410409501923
2.823692618466658
3.0958497896870436