-2.435653829703932
0.4524814170492525
-2.0367294506077056
2.505036750314713
1.127848629954355
2.9323605392086955
2.8136918630806567
-1.3244475326358625
2.1170958210160746
3.8582998306849556
4.258095110840128
-0.1421937095993807
-2.505520814388911
-0.06149563194701434
3.26003664639255
5.012336623333453
-1.0450711199237455
2.650945891337131
0.4789222452390767
-1.9886587261631115
3.8895620770583634
3.93475004578642
-0.8660065292531683
-0.7354913479852137
-0.7549060068184082
1.046010770912922
0.8213924807609974
0.49542618465922134
4.608000343855524
0.3387004894373296
2.309830611402227
2.3063202269511653
3.0189959856094712
1.3196062586659538
1.1959375650481945
6.085669546997171
0.9753652658187408
1.0494765319365764
2.438060055869063
2.5475189812401515
2.0190980044349267
2.1658784763327863
2.264120820890718
1.2064126574606653
3.260001256102782
3.3485553876299976
1.8455265816328938
3.0876081958929915
3.0923711716669375
1.9572636441425884
3.2119302794326527