-4.575931488556107
-1.0686826662163276
-5.489278555752183
1.5313762127134096
-1.5610128617693155
2.6841382573857917
2.487054447357823
-4.463400199155783
-0.28826659672024496
-0.49860717369942115
-0.48114358266659724
-7.323007072256364
-7.202181989026455
-7.500381434548859
-3.4831944983813146
0.904821094778869
-5.297179054150348
0.5940451026710739
-5.138654451509712
-6.2521049047277115
-2.3109231815641844
-2.292168175790157
-9.277744532353564
-3.4781455564495474
-9.287194198794674
-4.222554499871308
-5.159283200819961
-6.410872353541344
2.156627365821518
-6.126086552386504
-7.146464160192976
-7.15534342043029
-2.5362995150637846
-3.082033284286847
-4.539737992133732
-1.1219757981411995
-5.17022571251859
-4.490901433093727
-7.420626224460703
-7.418877982864701
-2.0780405786173812
-8.058905731065867
-8.051167910632058
-4.621961824772118
-5.052856951927945
-4.984362400936185
-3.5174709531109336
-6.489019256585552
-6.458085545315632
-3.658749082915167
-6.5835435316960105