-0.2679460795110513
1.3030669728939752
0.23308409307068048
2.0172232323949015
2.063167146811728
2.8148357571523372
2.5361225950478294
1.1137191126311847
2.426760885273832
4.087308246698288
4.334876927095835
2.7695582503707854
0.89925900063033
2.891750006120866
4.988942478328899
5.399987177612023
1.980171293499114
3.124206039368676
2.8745209286033155
1.5672867349838095
4.870339487974737
4.912661556542061
3.1823039793461922
2.1500055003075924
3.290023211074044
3.6190121435852602
3.504369046015917
3.876537745951982
5.151684352415152
3.645066263926677
5.3846891854016254
5.379741780839734
4.99718242249387
3.90759710718617
4.33128613229571
7.282220826438938
4.45362494680604
4.1756209320248345
6.074451370372285
6.168942586933197
4.745700700333939
6.144153598640475
6.2451433977937665
4.54444000411047
6.497758681355354
6.5787377446302795
5.13780413522781
6.882131077404144
6.886110342680861
5.439376645477706
7.184891364012387