1.6397640564867588
2.1920860485281835
2.0010859436574733
1.430734346947828
2.983944127361722
2.517399554642136
2.3021637755771955
3.194492410012691
2.6776485534839827
3.65322511624619
3.9007368495177754
4.636904082421673
3.719871024064469
4.8008284047562295
6.0218848248589065
5.056765708933867
4.684978844797823
3.7583731281615536
4.822789356867248
4.705492132367346
5.309432433239898
5.345160317587912
6.151961281547178
5.379537801327151
6.227215993068993
5.909109434281688
5.758477646881289
6.893602907846221
5.457483273791785
6.377914923914824
7.448644526272332
7.467526288963445
6.764336566015384
6.839981588392085
7.119772413492222
7.527823682559317
7.510999523756667
7.392673811126836
8.639452475562292
8.705601395794405
8.016678730186635
9.04976591659616
9.109612130888628
8.119378827348898
9.525821024217358
9.608128315643604
8.698773464263882
10.231811949893567
10.25011891379493
9.368698905509481
10.925476705203616