1.5435007435098682
0.7175418279557404
1.8683764192422694
-0.2244273107014644
0.10465463126492386
-0.5636342800613002
-0.031279457742601616
2.0267487378174014
0.0023155058833036427
1.035063802613608
0.9570838553797901
3.108512585645532
2.6943548735619016
3.139552839881403
1.3914743067509763
0.6487791979662533
2.336830219925434
0.16759336636326985
1.660949948318599
2.851115977255122
1.268030328040477
1.2470380499270592
3.9269092542255435
1.9140233101426427
3.9352100165736132
1.8290307434002957
1.9540616423319095
3.0259959758441686
0.24682759539319044
2.3914004774914956
2.922678185298038
2.920225927510729
1.30622340687333
1.5505550340456848
2.26836911016209
1.4776440280891556
2.5490615679456408
2.101645216652243
3.35928417839757
3.35797457222127
1.7048492137985065
3.6377378878944246
3.6482990658074104
2.395760218758974
2.8304798603901333
2.8075092128060954
2.257534057584529
3.3860820331436563
3.392200849370085
2.5393637264707527
3.6432095817497956