0.7371316880901163
0.829970434193989
1.4128664822687262
1.0246012183760365
2.4994297798711758
0.7606860124343903
0.28588397363834334
1.016373670076848
1.9986893083589492
3.4815052332140453
3.9218771973273183
4.206516289898357
1.9638589296412676
4.42807764018557
5.5842122939362175
3.7411924159122294
1.9579216858118027
1.5440190268731264
3.5788742243526324
1.4574725544421345
4.829059143107013
4.863318056397605
4.753117792454549
0.6125521090933927
4.868272779007913
3.1339385865219618
3.8621965765789437
3.905210208959143
2.012498637648621
3.851806194223213
6.458834422132869
6.4670842601976934
3.9994986464661317
2.4957807684801576
3.3542297514153763
5.737714204595515
3.4471540829237517
3.169933853907488
6.618149216765626
6.722996213600641
2.106658184701385
6.664593201681988
6.753499468369562
3.2420605726860687
5.446081686784305
5.4738654952193215
2.8949849151966
6.233161742146684
6.208719127818422
2.9444636913406703
6.2549860533876185