2.2262972422472944
1.9326943042599032
3.7721111949614174
1.5724868740624247
3.5567128909025305
0.8866860685014187
1.0843283620527853
3.681247183160914
3.0300001915289494
4.256391697890416
4.666418994580541
6.728197035415176
5.214702335087083
7.050777109867491
6.935745822387295
3.94136621102956
4.829125948394488
2.899080989497635
6.526090638863599
4.9364432608551745
6.113712691358947
6.205531145192236
8.223471995670439
3.6106065494658175
8.325855827976868
6.37980686525738
6.705309879236791
6.765007373721417
3.7602544018273303
7.325182020379555
9.63961611789026
9.669127892491035
6.913366948945519
5.307188459093951
6.698929362028914
7.482105218579745
7.217168172307601
6.263521813675117
9.881448889662753
10.002140313378764
5.207637832460176
10.386966198637925
10.457974552934395
6.44961479376211
8.430759738670751
8.448133595858051
6.323568203468301
9.541050053750643
9.506426586265825
6.482441701381825
9.679393321383055