3.9691857228810283
2.404631635163481
5.719036518082392
0.5946979786749207
2.921625160878212
-0.35377916516068125
0.2809546218608503
5.676586190996296
2.5157091524476813
5.202307332647069
5.408909240954906
10.62787876780786
7.931798880503171
10.905022433129604
8.202556974029621
4.619362240307104
7.044740476692797
2.4620440385231115
7.72107983868287
7.760820488498458
7.529766717631384
7.5330304820703216
12.821473424017762
5.327870087974289
12.935279704281497
7.6562530019918995
8.235225059596354
10.428082175588035
2.8135977102749936
9.369706323788352
12.761333547845938
12.76424594208153
7.155869553925418
6.494131399390475
8.541879840011232
8.622202846442832
9.306620231251568
8.20773469911197
13.588254081009444
13.668816198710717
6.441542639426268
14.327241565247807
14.40570911063099
8.793558824135387
11.596869578809763
11.600070188184471
8.280437090141188
13.431140730473757
13.409790027688809
8.819463051307636
13.93221624691175