1.4931730887480437
1.2153127234248415
2.676978268508951
1.0921630165819187
2.561565455844598
0.4970503551038009
0.43350545455864464
2.3187631021044894
2.48111628547717
3.773713529955313
4.034050036329834
5.662092858096002
3.5439109780171147
5.900769684749726
5.835198237687117
3.573072789284518
3.2359347352552055
2.0843732914953925
4.812481552878145
3.0834264721852627
5.530074226684838
5.552147644155613
6.536533104523808
2.1575630246429203
6.648213461462793
4.422615792590821
4.8196420305826875
5.611582070942967
2.2984712526649496
5.3063726539998095
7.903612419899971
7.909918460506171
4.808118452558792
3.8805123576293448
4.565678690149022
6.2507317036106915
4.951841727370406
4.6353431674618095
7.985846445207247
8.081354892450612
3.5333804934791577
8.329060948518679
8.41321564630192
4.850520507211468
7.038062334842795
7.0592417745855816
4.407732515196699
7.90695509366982
7.8838846431989555
4.595010358845974
8.06740219667583