2.764484665535188
1.6542078111545622
3.853986229580594
0.7102743303829564
3.51952537731612
0.694331779827846
0.08034760543260806
3.5503705739695657
2.7127119761107727
3.550851617784101
3.8589366543826418
6.984052736981618
5.407086116094883
7.252578600788322
7.080662669959237
3.846386884866901
4.940520127724029
2.362567570334332
6.3522254317944284
4.968275662456399
5.913232341498444
5.957791682405159
8.533139257474213
3.714127746614497
8.642007393295104
6.012535900056272
6.709590604503969
7.261414123649158
2.748229391200444
7.379752338821685
9.608475160296564
9.614859273759295
6.227258530684324
5.439075357427332
6.602655014267352
6.926552596490982
7.07478909137899
6.564877148466319
10.135793416435417
10.229845997576627
5.118892065152814
10.565321441811918
10.648012242618414
6.770641610123614
8.720135772893165
8.755590932760368
6.397741030754215
9.98506830084604
9.951995038626409
6.558762001922121
10.125225313958602