31.69007087674825
61.87585073148955
23.980648940788754
86.56001077301856
64.5468676974577
24.31460110618739
37.83336877011793
24.294586085107035
141.40311393467857
67.05567330599625
92.1869849795184
135.5797570370823
83.37875615530781
73.98585826856227
152.54648524918247
212.94460059221058
51.18439144945248
26.239670588851716
48.577926898949386
24.793907906221378
146.32452273478086
142.20742976626664
85.95130277179965
174.7980608261591
82.08282019349924
174.13495848214916
117.05692327058462
114.19607968091807
113.75810360289809
23.904398093010112
56.376029777342644
28.681424784088538
118.61248048453812
56.02342756032608
54.0543122560689
26.60730630591101
85.94555842566807
27.98531327796226
136.96181275164295
136.05251256012627
136.66224824504675
72.79863342964376
51.747987081199774
108.2418089753626
138.11277221419454
79.76591912436332
54.10350211112533
34.89844247860411
73.97742469381579
131.28948703679814
103.59041564071174
21.546271244049063
158.72092873367987
76.09925580993215
75.46241710044417
76.53861286957618
20.35101717056171
28.4385908176675
73.72559996745703
45.02679126845704
73.52050182494719
18.41338066626355
98.51074162599367
20.995542131070884
98.01792201250431
78.1889083086028
118.8752299094905
69.69212837634743
72.82675452823159
67.30049611502196
70.45940998363803
65.3721246519527
65.11778914814765
40.81345650925352
51.300014743886
36.59411710479489
97.96865595896183
63.96066239300103
87.73307456667344
72.02180527970867
91.68336682509512
89.12889349798674
91.45413460278424
39.42167033652598
60.909067330946094
64.76096567055589
95.39086994637886
21.201261107066532
44.330002656925664
44.07652081963598
99.18961561832683
53.95595995306346
67.18763716084284
56.21862924956534
36.139007338203434
58.09442167342449
48.26267619200663
87.17515686168082
85.34568708058893
62.27946460876986
43.23761019963462
82.89545270735312
82.63359244964222
52.19241483350007
103.69567598875747
31.795895550416443
29.77087320685998
81.56103928690966
35.64979957812489
23.52662822017626
57.199161280401746
39.504313643645084
25.26408577875284
75.27363018164792
64.51631269008993
22.84832377371761
101.19471801728601
15.442127489896123
25.070336225074293
13.912933399595039
62.27502178523673
51.97657479534429
43.16700151307585
16.2696908250307
61.39266472947909
20.45748734950914
46.892900649399955
33.90640794652916
63.99493870838969
18.143452878330276
33.437327213594955
45.1323891940561
32.199112755686016
7.993945479541676
32.17896465363324
31.02097035961723
49.48617033801158
49.764908343224555
36.917812233614335
3.0989471424131434