24.04647461833158
50.49492322012035
20.06045141398253
74.91020736799157
55.70789446278629
20.567599038596686
33.23588232945933
21.331511342491513
126.83717242594498
61.46292774486651
85.27202000467878
125.90407062613484
78.2609223687096
68.41397390256422
147.29233548569135
209.95772820653457
46.50196049296884
23.599827087985933
46.31328357032344
23.60171361766686
148.8392705821209
140.5773165061995
86.24285493638413
176.1005135054961
79.02897921072322
176.22734538761307
116.29097834839077
113.38030661286597
113.53167467224229
23.233927260662632
53.94067775027426
27.117678966963034
119.08682549871027
62.848435807438015
52.70485786633631
26.168343538133872
86.26056171625885
27.090811964428887
142.09711314510687
141.26980958386974
142.220494200296
89.30532487779334
66.21674792634252
115.43688506995187
144.78014486468274
88.24018396717018
61.291199899362255
39.49405332958341
76.23550814794301
133.47564444154455
105.65414623087914
24.79704344222577
171.9474503047166
79.55492066194557
78.45064186648591
79.62129705254596
25.309699800074508
33.207950254949
77.14706045872039
53.0383004412616
76.90681739769629
21.313707432921927
108.25000764253288
25.432519552354766
108.93119481959211
82.38909798311113
134.17884972550084
81.03904569411216
76.72687001530888
93.76598578371596
81.79654022304827
70.95610956968554
71.09899278050912
44.68614238755045
57.13275305749639
43.36929171031983
108.80807982343633
83.77332520642668
100.48368876090316
77.27137988292037
96.99821070190812
101.73989022123844
96.75171442403229
52.076974015081525
74.33446958125306
83.87135242433956
106.48255000149032
27.366188770532055
49.0858614067465
49.5800872114289
118.61745757473074
61.89831629474605
74.31326410676631
69.47466916774383
41.689363108099656
70.93532489055947
55.036072789981425
100.96365946291408
98.52505017930191
68.8770515376822
49.1571747758733
97.67951791840864
97.12445341467159
65.25223183894882
118.46103881201546
38.240016760914976
36.14606573767201
102.51044275223096
47.043041048445275
28.185608257731715
71.59812819614369
48.01251508761775
33.45673667665473
91.2203426945798
78.98296137444942
30.26333711090769
121.86439580809507
21.14571584083395
34.980741251599284
20.75343528319481
76.27403998906645
65.88531863740205
50.072743012920085
22.417096623138583
78.07910711752055
27.193347694203048
60.23991525449206
46.64813298842417
84.92676320059078
25.276321459023727
40.32078059357086
60.75143902159087
46.23404690592898
11.833772616038827
47.04873318076146
44.90115895871585
70.53133358510412
66.54284305771826
43.55512053398993
4.007863439268777