20.76841282319008
38.901227763500636
17.53422415838316
58.35503064883487
46.08260969311668
19.555290633982597
33.78329242263776
16.531439408630316
102.60320022957258
60.50041618091371
86.65736466501592
115.10967221101784
85.67441988502158
58.47055139377352
155.91638483675194
226.74316422552945
47.880014818773994
22.956889436754125
49.74637822499885
23.45836872170461
180.82487857836128
160.7222559083695
110.93679764299297
204.13031757270784
93.16530207982083
215.07484860575192
128.05838971249736
133.29817109466367
144.70925423054865
29.97438343956584
59.65904759780836
27.607000712898003
137.96267304754707
102.68639544703734
79.27977681123645
48.15789299470014
99.92669123341932
37.99006380207472
186.00278249783517
191.82817964675678
182.90908506588792
168.14031624624025
128.74711094754667
159.88978792086317
197.2403755556287
136.45358158179866
129.19138457847893
83.9965584680921
98.56129004426754
165.92238558894894
138.40853553268516
49.76285599853489
251.91001871322024
116.49699356411958
122.23677142614609
96.78980357347643
51.48307807582175
48.38117595637758
114.43118000930606
79.65599263781974
114.50988539586906
32.56695675697352
173.02628452062487
47.10447512606045
182.68259992292587
113.72962620375478
228.82188439697308
150.32559343200847
105.1731311195268
186.8676814344215
143.03187662348986
120.70618713045809
112.6919048592489
70.96716771006939
103.75363609626477
95.28267119257437
182.6590043084507
175.02587573655245
179.51701625080415
139.38236448130135
144.1437840307076
179.95135075781553
144.52174433386764
109.6782142686922
163.1610460854175
168.99546493928324
192.1144394678758
56.02101699803919
63.76101358555322
91.28049365758936
230.10609839925206
120.50142448593452
109.58999269965175
144.52658306008487
90.8632255280813
137.23347305331077
103.29071288120937
196.5296914859794
175.837669794095
130.2441554847622
107.63903410213379
196.64780635543906
197.54643016581792
128.92678513235194
214.94611752955618
79.19777699948347
73.94332318878519
228.77014686126057
88.9018119937842
53.827193375514355
168.42986233492502
102.4709337645158
76.24678214408542
202.42096835356713
161.86621399387377
53.50217542642193
174.46426723054367
42.510419278911364
95.88786965016857
79.60945527383102
148.9305292384459
147.6654649454094
76.64831798141468
58.136575745712086
188.59577812917672
55.521205005989586
123.90073036877381
108.42945141900535
192.59142077960385
67.82986087374044
142.6696178645401
157.4017834240434
141.1172709098018
47.063326814172996
108.47031923411946
104.34496659258296
223.47222609085065
225.68866076535102
130.56818322376895
7.495289821948677