20.76841282319008
37.52067974858956
17.078052946193356
55.393421469229445
40.82091316707692
18.50881615862432
24.744212993820476
16.654504701008843
93.29687765685208
49.474334005452036
71.59944195015848
93.39974216147507
69.27316737476623
55.38931065410187
124.65457580097903
178.4313061126973
42.86127054156989
21.666037638349437
41.86388802161908
20.472853310391837
137.86897206502871
130.9594523771871
84.72253118066122
157.74010708584612
78.57185754870846
165.79493274972688
105.47074949119138
104.1499234436342
112.3741183303259
22.933658405333357
52.8244826718896
25.65386089214944
110.6423143090901
68.79671819114505
60.90620088547376
34.50287206780963
74.74130764344083
30.589076116802836
139.51055527176592
144.89843079262096
137.76203439585174
109.85061499018741
81.3528701044555
118.03910772046295
147.99761767819902
97.71753880736281
83.28963631825492
52.19955719625769
76.62144802205546
137.70179410560132
111.16472292039529
33.256496891998644
185.1766260014833
86.85293743203331
92.38561454891568
77.17312367923905
33.79503187148622
27.825284933420477
87.64650735693435
48.99908273758092
87.72018011682616
21.413198348886432
125.46638868380839
32.27590213530652
132.74005530686583
88.63374618484774
166.72018492828437
106.18468970794757
83.9657973219513
122.0001080781207
100.730940743522
93.54737759067538
87.99587455948347
46.456383880002
74.771262439797
68.49704096061406
133.16671913701575
118.01233000500903
133.6438610911912
105.42281278088389
119.18032609922827
132.55673152645963
119.50741608488784
74.24390340557302
113.46782607777494
114.59434190754949
142.1192926079297
38.33520535524679
48.1395653229812
67.24887236248061
171.98644031127756
97.11769363382497
89.52942697539022
100.10542352637499
65.21865177741986
100.28898764294266
76.43175941218219
144.0209126387831
132.51574322950998
102.37999445157104
79.83005312210119
146.90636663067735
147.85788949696422
88.16642412777678
168.03686188263086
56.84950594742551
52.22455592210897
158.61371648263474
59.842182497837
38.13170212241011
117.9088725038519
77.80199179743643
49.91119612097108
151.56558620808465
115.94815550516633
34.69060724042266
130.84101496781355
28.82938557072062
60.95432459363016
57.3817394759116
105.53918819384324
103.22440206347548
62.36134158929159
40.4893860613186
135.12002462028812
38.91823954767222
86.47558204808908
76.6312741942555
130.2941705067324
48.484603337075875
103.24845011234336
105.0329586615235
101.29319119181066
26.482369921841723
70.43457336358631
67.58475626711399
160.0262950955264
160.8744470569754
95.99720942594118
4.309051672659602