0.
1.38054864242064
0.4561705846802401
2.961609807115
5.26169715354932
1.0464757303774002
9.03908005632684
-0.12306403735940011
9.30632320023008
11.02608217546168
15.057922714857439
21.70993067705232
16.401254392784043
3.081240112162079
31.261809663282474
48.31185811283216
5.018743649694559
1.2908517984046795
7.882490830889319
2.985516038822319
42.95590714084216
29.762804158691964
26.21426708984128
46.39021048686176
14.59344453111236
49.279915856025035
22.587640221305957
29.148247023519914
32.335135900222724
7.040724406722919
6.8345649259187615
1.953139193239003
27.320358738456918
33.889679765930595
18.37357655327224
13.6550221819096
25.18538358997848
7.400987685271883
46.492227226069204
46.929748226626245
45.14705004252664
58.28970502111022
47.39424272561988
41.850680827909756
49.2427585049392
38.73604340194536
45.901750770262176
31.79700252685353
21.93984139470248
28.22059085583808
27.243812612289883
16.506360361555355
66.73339271173695
29.644056132086238
29.8511568772304
19.616680521746954
17.6880480868642
20.555890395447516
26.784672024862157
30.656909900238848
26.78970590655248
11.153758408087079
47.55989583681647
14.828574873282601
49.942544616060005
25.095880018906996
62.10169946868864
44.14090372406089
21.207334425085037
64.8675758663389
42.30093650747743
27.15880891227316
24.696030927275
24.51078320255784
28.98237365646776
26.785630859469837
49.49228517143496
57.01354698656247
45.87315578712252
33.95955232792704
24.963458558988883
47.39461923135588
25.014328248979837
35.434312745647844
49.69322000764256
54.40112428675288
49.99514748745569
17.685812270301927
15.621449517591161
24.031621295108756
58.11965808797447
23.383730852109522
20.06056572426152
44.421160161219404
25.644574378170994
36.94448478285856
26.858952841517606
52.5087794747058
43.321926564585
27.86416103319116
27.808980980032572
49.74143972476164
49.68854066885363
40.76036288710384
46.90925564692532
22.348271679567475
21.71876726667624
70.15643037862587
29.059628868437606
15.6954918806138
50.52098983107316
24.668941967079355
26.335586650623874
50.85538151797287
45.91805786119787
18.811569441018392
43.62325226273008
13.681033708190718
34.9335450565384
22.22771768044808
43.39134104460265
44.44106413695304
14.28697576461352
17.647189684393474
53.47575413639814
16.602965458317364
37.42515020321339
31.798177224749843
62.297252782909666
19.345258164174126
39.421168379706316
52.36882539002945
39.824080973010254
20.580958147350405
38.03574649804273
36.76020969795941
63.44593287785296
64.81421370837559
34.570975052846876
3.18623752177952