19.849363851482387
44.238915402326874
16.51094213264785
67.19118796196624
50.52846320198616
17.657175611742364
36.567938258109656
18.446613365482992
119.00190943416861
61.228578962715716
83.44407164498803
123.2467088134981
71.2663017469899
62.0204362627977
148.81863763919915
214.80929711843584
42.88153201954
21.676450697650615
44.915035528167984
22.668614322247382
151.82057337554772
139.1759334218897
86.14482574118871
181.08403004735683
74.8781292681647
179.53877576477655
115.47595928076571
114.72856665424035
113.71258482497727
23.730348886330503
50.35797386143295
25.141164076876805
119.13505709082024
61.727435941063256
51.08526365570012
25.515368155501474
90.85304417543017
25.698112333565007
148.14663856755917
145.25853454004198
147.9567130176061
87.086023473559
67.69599813668727
119.38038736117956
153.02100914311234
90.78629817416879
59.242932136218506
36.430602029738374
76.78601185572212
129.57479546293507
104.22343436441788
21.619115411452384
179.21761346534433
81.78200714054425
79.07881401132039
79.43049657354354
24.5181212893123
37.150012844718134
77.0892658556045
62.56120179404229
76.78952319904432
22.452515423848027
114.25178143611225
23.002116390726467
112.92776264564164
82.99700556011824
140.2318661229425
84.9673696184401
76.89814552744926
103.57830566315582
87.86220470569128
70.01824946528349
70.15373429070398
52.84774634384762
59.11387164197666
44.68309367753386
116.73439523675562
91.84718060348726
103.5822361916492
76.70073532207884
93.30422868285368
105.61399146868318
93.0045605010106
55.311193930492045
80.81577741804094
93.39489926984938
112.29718311183609
28.8167581205436
52.39278750334557
51.14889778246003
121.8261044298902
58.89674497516175
71.70150892903628
76.62273204027477
38.10451753038507
76.247376443957
56.13046615123814
105.61613425758075
101.47113750833459
67.57440257900228
48.55690475765549
99.89904835547479
99.09203648553803
73.57633481498064
118.36623720282917
40.8125487394913
40.90935665863827
112.44672199904285
55.79367883740651
30.03768666484706
75.63159694902751
48.003806843779174
35.0672190129881
94.55066562317568
81.34817880784438
34.4019884477151
137.70961991976893
25.503700455468515
37.84908132084592
20.778726687662473
78.22190070742882
71.77247583381991
47.13081917530501
23.556461044361715
83.18188427721118
29.712739468712527
68.02053878004541
50.75307002497492
97.75782527252
26.290238038863116
44.72827629858333
68.42979849449667
47.71141414080671
19.536013672076418
49.610385201548524
48.30998521642387
72.91407273137187
71.03551008435622
42.82037454500139
6.4297845108764005