83.82574534578353
168.619844619263
52.541469585219126
256.8291897734571
231.75258998576734
61.75302754673293
155.0490655957924
52.617931625140365
418.22711471802546
243.0055934233379
328.2671496684536
485.3502686776986
296.2949602776456
172.69151570048737
551.4630569446365
775.5148119595028
126.81600486997856
56.86418841611129
129.68754509242572
61.123792335473134
541.7820339809175
416.88472744198305
313.40223885409154
655.3842876666697
200.87559303004326
596.8473909421488
339.7439543905935
428.44473993178036
369.50757368419676
77.07647214679314
117.65070063814719
51.27902702714171
340.14963932113477
321.02608467707955
155.84176077237552
96.9768397004426
338.1495404499769
68.38406539445586
524.3979295620779
490.8660651599129
522.8090251553965
432.10276298612524
362.6457378203196
418.6501691131658
460.29076225043906
309.80859200551373
321.8845052049669
240.05478619327772
258.6795209379266
267.81687589394795
299.76100933231606
119.62045314696294
563.903691250557
293.40928226485465
257.3888216243427
235.85740612194414
137.3841129982887
186.14372051752045
209.60106953617742
244.27225284559904
204.39765986313012
92.54133230126719
371.0616701356076
99.50254057906618
331.42518565559845
218.0034727453426
421.448679773024
266.4577215624803
141.70435316640553
314.75953575725947
266.81729081544484
198.80970605661489
189.16839817295357
185.59639412908305
182.43067114983128
174.16529720328708
282.9532536190638
265.95589589224664
243.09900449645212
134.22347284648123
150.5518614566735
268.11730237090245
144.45321526984384
159.01404122650766
246.46940226887398
234.86453539570894
227.84334347908688
80.67736673078669
97.70168226831832
78.62559872239858
291.5167573575568
114.97261533798279
105.94201230830627
206.88617452521888
110.4652392688976
160.0669332421248
71.70879302110076
183.47049214134682
183.09809659294908
78.8561080842205
54.80898793050031
125.43189448330004
124.97718850593301
164.10325043475635
127.46223931525826
97.00698525970238
90.36395570429885
141.7839276536987
92.51087926231095
52.050186075616196
108.71111787015074
53.33360000320738
55.584589746672854
86.1814287842176
58.37867018897408
51.77462152746169
119.56764821747602
19.160740860581093
33.2555593927169
-37.30660423469622
62.53826790972626
72.20506523176385
38.098941730832024
8.38221622663512
54.57778203312063
6.156860248743283
50.19526781627113
-0.6138424017432991
57.47628634130497
-15.52939951272297
11.97638390815068
-16.113679939078704
-40.70054616582668
17.520186142018428
3.8990745767291313
11.457483702781158
-63.49700211587307
-57.747640300346944
-16.286960429033105
-6.8329139482670005