109.47521178597424
206.47186533356967
71.50167068898959
314.759542920319
279.71952610851235
82.49546820857184
188.3207154016485
72.5369459642428
513.9617479819356
305.66313001753696
415.3060296088091
596.4224239812995
369.4457853247232
238.7084704118612
700.4860487459915
986.6934612291731
178.6987184996941
84.41467668856731
179.83782967628227
86.8920460699333
707.736532187113
577.3791830138681
417.083973053189
846.406354628923
299.833096357982
795.6636724053725
472.8100710807426
556.6420738702894
506.2005410234574
104.65448812094996
187.40018426365444
87.51867890680741
480.89467908566553
403.3951128393286
231.43938598723318
140.24221199668122
435.4684148962271
108.58752038879653
695.1526763328975
667.9250975673817
696.9824245054713
550.1011529334089
459.54028423847296
565.6630282006347
639.8153327368044
429.21689145565426
413.4801370934308
307.96886984456586
356.00799427115874
441.99904682302747
439.2583453967024
159.58513348402604
789.1218038706957
401.41574985905265
371.9218469259514
339.0681578181057
179.2184079690088
219.6358413990266
318.41579535791885
287.47953770635945
313.58854187357355
115.90438495446602
530.4036714889329
139.54335056294698
495.1882641625041
335.13635167128564
627.750227652213
398.63569868937515
247.575469187342
461.69022682653747
394.35627026148273
315.46300755396686
300.6405848132791
249.1249842121371
279.85824316853177
257.2044341631468
451.25086723427825
412.57936100810224
410.5777646838953
270.2315743035453
303.7631271635423
437.57665481541716
298.3776660158337
252.4891505786819
387.8373856286526
382.0452768327526
405.227655130631
132.29815568516923
158.29913727181477
164.06394681014777
508.4005936999586
235.32300174169796
228.2109882078016
333.1415837235005
189.22935086979612
284.43364300396325
175.29339761580673
371.51504593013834
352.645863625307
210.76344368753266
161.56966968515724
315.06238349241755
316.3076696856275
277.0239972129025
347.2892794622901
166.98685070189572
161.71501172315735
330.92578099317046
166.72556974219899
109.84985701699915
253.10680224776604
157.13495841298138
127.14464874378659
282.12707527407713
220.9760791353986
102.329582158344
270.1232295909613
55.50531899216367
127.62099421573775
43.63824260767538
213.67866173106512
201.40715117191178
115.61208061236545
62.19942129654173
237.45373521296352
60.98994759791086
160.54159010348295
97.80535929303616
224.20187617070556
54.728266242129635
126.10258370654584
126.51058704839375
100.7559446237176
60.79313862761143
113.33280346836973
114.12978476740467
159.64966840204926
153.486311049248
97.40960657562027
3.1129930798318424