62.99763942067935
54.12663340742345
24.185858752375715
109.77650234610961
90.20131087392541
30.420350718801636
46.28202658369851
28.29134506878724
159.22943325548562
108.19137805700109
159.67379787529492
173.27559846138197
92.73932035255342
106.81529038004746
244.06615925337863
330.15041880973
71.18893523615974
34.71499100690648
89.32770084965371
43.869995924355834
225.4979888480003
201.94869963864198
136.4083939908683
298.3863894002167
122.36087022677283
260.24996840592615
163.53117883432668
211.5759651133723
171.91722851684102
53.69487419967601
80.24909459362463
37.91379880019263
155.0728469530995
99.78045075797614
91.05037648930293
51.796886821646986
136.1989557726239
45.47810777113885
254.21414094612302
241.29443132908247
260.0266264583407
71.65397817851189
99.07485265330725
193.22687837568137
202.31712995411186
122.12957585054923
28.112148418741196
27.11683228774898
148.91469528972522
158.87450192565524
181.30668041852965
33.75303516664956
267.5310741548139
168.23117335543918
150.61508241732807
127.46722927128093
66.54219243133825
33.64697601089724
119.59051027332009
41.76249188928639
118.14501250891279
37.42670642694014
207.25969268821092
28.352233576401662
179.3110751433406
128.18080741501637
241.8754305080208
144.89396355207776
95.28121599791385
104.83741350490921
132.81007407859286
169.9592280070539
154.05008229896336
49.00843200252053
121.88577395375721
153.1058736840994
156.66982615281168
127.33238562446104
177.00981874659786
113.20229289742859
155.57055867066074
180.70718916039206
154.0104155371422
87.04523836419958
169.2889222950637
93.27646602587313
155.52834986762352
47.45429664553947
62.50709888240419
60.31756554267056
268.46671475413115
185.95858762703602
116.98392529494687
157.99092014694315
77.86895020505192
136.27377561996676
72.13586347744392
154.19281123092347
156.588069187251
123.02317581938519
77.65975922556251
166.4844371167099
170.59051956716803
136.69784595314178
192.1156511888434
110.71400727631918
54.53072948377243
40.73723915981543
67.07345708506887
24.99203848190062
76.68464890241326
109.56905082310867
51.908250315775454
171.6360107350453
89.86018036185477
51.30275881121524
94.55555327501561
17.432953528036684
91.10005077357452
46.26330797351277
71.62808838907455
75.76916642023187
88.56450615250478
14.234357833004935
136.6934358159526
7.923592079597921
80.44789024975478
34.81759133003912
116.79420028950258
31.002721006113052
81.62577714965315
-2.0709415628793324
79.0700135430096
14.677559050084465
29.166016839240935
44.20407887651219
130.56875990506447
142.43508867652943
50.25089277369319
-16.952825883381625