107.63083059811976
210.33862437716962
68.99641678204979
318.7033992643626
281.0160504948206
78.74830603254456
196.1525831738845
70.96984145867351
526.3193946656146
310.4000095712884
417.37186382625754
608.8874329993665
374.24249697563823
236.4584434996376
707.925989832055
1000.4160038206384
173.65430289424182
80.61972588193879
180.6053368864384
87.77097484266987
714.2280429377817
575.17412176691
417.46605543402137
854.4108323933262
293.0628083105903
803.3527779669429
472.39904906718897
558.4709300850844
507.6166938975475
105.68714838059803
182.34363660611473
83.40089199053028
480.3996386480744
406.9082794495497
229.04947651951878
137.63629371081984
443.12332041180326
107.84732245744378
698.6530446189527
670.5895979959167
699.6455248597753
561.9965670277531
465.7193613602364
567.2720166293522
646.1078546788924
430.32379267003995
420.20574874805004
307.83419276764823
352.50834475526216
429.6127307618146
431.50186656276435
156.91446773076663
795.4471195609074
399.2496196917423
368.2552490946522
336.0292475712682
177.17385428685753
231.58276921901634
314.09528761031385
311.93392473469913
309.0228682329944
118.9806933070995
530.1416587457715
137.0317406957613
494.66367674325426
330.082643129923
624.3985757314061
396.7178923041909
242.01654521240272
469.8175790507539
391.60070614635134
304.0463366067203
289.7108141536037
257.5819713830495
277.10151123363806
251.15151978056116
449.28810567766834
413.84719203973435
400.5368124411239
263.38736519135574
285.44764702226587
430.0313957244767
279.7612095850297
249.1128550547432
385.40504016429617
377.57306482811333
402.1603614673863
129.00771261059694
162.7988952223683
160.86792851962727
487.45199049255865
216.0628975780023
213.68407394079102
333.39212870498335
182.21665919074283
276.80198582024184
171.19675180596877
359.49506114546665
340.0236832334055
195.4039158928412
153.07980590975967
301.56496750830803
302.3286433571882
280.7366871600313
323.234953964549
163.5481629999184
160.41956995336537
336.62040014665064
170.67724477064525
108.08877024708538
249.9447026643439
144.93981506191102
126.8681208636394
263.23280310454857
216.19960580546538
106.95447695905698
283.87448313184746
56.248998173986585
124.09038895294493
33.36016263470303
211.35031924749006
201.1933459665338
108.24341145344634
56.899539740734525
225.40748530531775
60.12958347524838
163.85573810594684
93.51645769218328
231.99292697805834
49.236454513152864
116.72936844781228
125.22427998483724
87.88440346880743
66.8995143460457
111.86567182744083
113.7232883509131
141.88660527281283
136.9097802764006
84.06834307368267
5.78965182674975