104.59415816897359
207.52107238276363
70.07569374360229
315.18422042229196
277.835199678884
81.30831818071553
188.83235801843014
69.14937103377068
520.830314947598
303.50600960425163
414.9245143334696
600.4599408887165
381.96938016266716
231.1620670942609
707.3794417813884
1002.2579761850324
174.69601968875256
79.82107785286541
179.4339233174246
84.58216105717774
722.6069125592787
577.6069833503525
424.3390364970845
859.5146052393775
294.0408951098641
811.9222395479007
467.8023441030909
561.7429110264441
514.2168279147454
107.05085558635898
177.30974823595557
78.88602774003972
478.1123123686818
423.7124801241169
235.12153758361197
145.13473269514273
438.07623168339614
106.37412919653059
710.4007120599131
682.6942448066696
705.7181102212844
600.2430792323655
491.39284876786627
578.539957034029
657.5311378060678
446.26217358731236
451.0758897834458
324.05134466136985
357.2408109821942
433.7392614828969
438.1695448650012
169.38330914549783
815.8137099637772
409.90627582897423
379.6255930504888
332.6472096954206
188.86719107411048
234.52489647389802
324.03224954548347
323.9282454834188
318.90754525899916
125.1082890582407
544.0879546562325
146.60701570512663
514.1077855785244
331.7330989490974
650.2705641699971
416.7833149944888
246.87748428593233
501.6272171916809
409.8491674389347
319.515893187073
301.86030303220247
256.56356183915244
286.18430724609607
269.44796839586144
465.6122579275145
440.9817716287991
422.6160207472563
273.6058373277826
294.69564548738106
448.06865312871804
288.9749596037115
268.69225549519984
409.6304483542915
403.86000033499215
419.95778294696265
136.6983837288259
161.46269585387154
169.90609237998794
521.6228557568088
235.4740398239173
215.532005007958
351.4127575853038
201.32846479697892
297.3004062954356
174.99950590231015
380.00018362732624
358.9357663870441
209.10026356898268
162.4480220326341
322.0797008387391
322.5236186717509
293.0300355671083
342.4083568448145
176.20476225918583
164.30727889308403
370.55407451495927
181.41269125609514
105.87737945113054
277.1409802050758
155.80453376772317
131.83137189075828
288.60239713778475
220.24488418284784
105.27679695388362
294.0319154480197
61.67116013949246
129.14342904288546
42.3028510391348
211.46879714817214
219.87053017717326
114.7472597122467
66.5187919723472
243.17356016229735
61.67806525473287
174.09599818504495
107.81560901726205
250.06770712090884
52.300461361017476
154.6460017726908
141.2881034849647
100.4167247439751
64.58351295619143
112.36939381084859
115.80245029536412
159.97522397497758
167.94102046500407
114.28122279473585
0.6623758736816763