109.493
213.169
73.57
324.945
281.287
84.995
190.745
73.921
535.885
307.87
420.42
607.023
382.753
242.267
713.08
1007.909
181.456
84.221
183.913
87.731
721.502
582.301
422.959
861.578
298.018
811.241
474.629
564.095
513.501
107.499
182.591
83.096
482.276
410.973
232.974
141.64
446.081
107.208
705.605
677.864
704.1
577.78
470.973
573.892
651.526
437.668
430.967
309.099
359.934
438.281
439.441
163.78
804.017
405.525
374.658
343.749
182.517
225.274
322.477
312.651
317.647
122.618
533.462
142.71
501.899
336.249
635.101
403.743
248.059
478.76
398.472
313.418
298.203
266.163
279.422
259.727
456.072
420.636
410.066
269.089
296.534
434.737
291.135
258.782
390.141
386.087
410.029
132.721
165.128
166.229
502.037
228.485
224.864
335.747
193.052
285.447
175.533
364.971
350.149
205.89
158.653
312.219
312.649
280.778
331.785
172.218
181.35
346.943
177.357
105.815
260.621
152.745
126.465
270.849
233.089
104.251
290.578
59.75
120.824
39.042
233.297
208.781
117.593
62.8
227.882
65.447
168.364
101.457
234.348
53.075
147.023
128.12
93.78
67.459
134.721
126.385
152.369
147.428
105.239
2.669