22.433697199668053
42.07199992562807
15.42155533633526
64.88034164095826
49.19250526088718
15.76314986850159
36.85597696780224
17.849227237503257
112.11024903675269
61.76898866968446
83.65395293707584
121.57247525021832
66.89273281257844
61.50894067903568
146.46366390906022
209.8977954417767
40.492723440793
20.2647762312809
44.52230684210664
22.69219976855759
147.19907318757637
137.18185867638965
84.10102482578152
175.99771120777837
75.57053948696257
175.33591308591303
113.55980218899762
112.2014534022055
112.11194796303808
23.43562248346208
50.90314296548779
25.277235753630357
118.08656440791988
57.138914130216804
52.35211898715026
26.635197513233745
88.75743336555564
26.40720845952481
142.60007875610376
139.85311241175498
142.76942066969866
76.89100233324136
61.07003722283466
114.68230864433006
147.51410780218941
86.53776793612289
52.37927930396815
35.77540431007655
72.30520739844593
128.18285951559838
101.61882424208906
19.921356477745114
171.47609480695675
78.74479007577071
76.25829550563195
76.9206705949273
21.69991817655609
32.386912244891455
74.2291955534989
50.22661878184843
74.01741746567373
19.18711328581173
108.33449292929161
21.606428698645026
107.99329765949551
81.24547466391697
132.05797430707187
79.95932101641033
75.25764189945424
93.88137134803529
82.986971458233
66.49790206047996
66.71796635996165
49.834554522989535
57.387532601498854
40.68505925810354
112.65679736854234
84.06941196028745
98.22615346775204
76.70721240986869
91.02159519103586
99.22786363185625
90.83262343992631
50.53716868666527
73.83610404517505
87.0283421352912
107.92126317207001
26.851686494793547
50.36209820566657
50.43623912283073
112.52829050402238
54.36329917387879
69.54784234593959
69.90945834935711
36.26674663742221
70.20746395654366
55.76210020193138
101.38632501863846
96.946863905731
65.61931251627219
48.33343193041058
96.11245575843921
95.39232643497303
67.16888272049965
113.01982417158318
37.06365252676358
37.5092864170716
103.26175210329441
49.82476104654757
26.815126911824592
71.56317996234334
46.00810733923116
35.23001671848802
88.74937832591101
80.61297949465457
33.76987233689746
129.0460609578763
23.864073961591505
38.034397310445605
20.438077993125894
77.88188322852366
68.05102418970036
44.64487922698081
22.74968358752374
79.75552144155635
28.74020109704558
64.68028868535085
48.54940988512749
94.27181908139913
25.779579818918098
42.61041706697794
67.03170557144946
46.21931929985397
18.190252112098467
49.16482490367918
48.090669695234716
70.88869982646222
69.57494600868422
41.39330018893453
7.1193463803226384