0.
2.7450666630065776
2.7450666630065776
0.781999999609
1.5091999979877333
1.5091999979877333
0.8192499995903749
3.165333329112889
0.781999999609
1.5703999979061336
0.52169999973915
1.5091999979877333
0.781999999609
0.018319999995114668
0.52169999973915
0.52169999973915
0.52169999973915
1.292666664943111
0.6661999996669
1.9575999973898668
0.5507999992656001
0.52169999973915
0.5507999992656001
0.52169999973915
0.21079999994378668
0.52169999973915
1.6191999978410667
0.52169999973915
0.52169999973915
1.4106666647857777
1.2911999982784002
0.8359999995819999
1.7363999976848
1.5091999979877333
0.46344999976827495
0.5507999992656001
27.41586663011218
0.9457333320723555
0.52169999973915
0.52169999973915
0.52169999973915
0.781999999609
1.5091999979877333
0.5507999992656001
0.52169999973915
0.5507999992656001
2.7450666630065776
0.5507999992656001
0.52169999973915
0.21079999994378668
0.52169999973915
2.7450666630065776
0.52169999973915
0.52169999973915
0.52169999973915
27.49053329667929
1.5091999979877333
1.4106666647857777
0.52169999973915
2.7450666630065776
0.52169999973915
2.7450666630065776
0.52169999973915
3.573999995234667
0.52169999973915
12.057333317256887
0.52169999973915
0.5507999992656001
1.4106666647857777
0.5507999992656001
0.5507999992656001
0.52169999973915
0.52169999973915
52.84319992954241
2.1607999971189336
0.52169999973915
0.52169999973915
0.5507999992656001
0.52169999973915
0.46344999976827495
0.21079999994378668
0.52169999973915
0.21079999994378668
0.5507999992656001
0.52169999973915
0.5507999992656001
0.52169999973915
1.7003999977328002
3.1181333291758224
1.4106666647857777
0.52169999973915
0.21079999994378668
17.829199976227734
0.6661999996669
0.781999999609
1.4106666647857777
1.7921333309438223
0.52169999973915
0.52169999973915
0.46344999976827495
0.5507999992656001
0.46344999976827495
0.46344999976827495
0.6661999996669
0.21079999994378668
0.6661999996669
54.72013326037316
0.6661999996669
1.4106666647857777
2.6055999986972
0.6661999996669
7.155333323792888
2.9563499985218247
0.46344999976827495
36.75866661765511
3.075349998462325
0.018319999995114668
1.4106666647857777
2.44469999877765
0.5507999992656001
69.86839990684213
0.6661999996669
0.018319999995114668
1.4106666647857777
2.843599996208533
2.6730666631025777
0.6661999996669
1.4106666647857777
0.6661999996669
2.6797333297603556
0.52169999973915
5.131999993157334
0.5507999992656001
1.5091999979877333
104.18799986108267
110.39999985280001
0.5507999992656001
0.46344999976827495
1.5091999979877333
0.