22.43109774696331
101.85030870602586
27.255360522631342
130.07283320621784
133.8103207718006
31.507518451173507
108.80280648849067
22.914089552964054
227.89514230050494
136.00882421566934
170.36021172883545
297.24275489378266
198.44554260346024
63.47920612924952
309.12755400692146
446.5853142129086
61.00782277056553
26.099858593674895
44.19684525630512
19.420336527910614
333.3992727569917
234.8531668690267
194.43272412593663
371.9194517232104
98.44324692048598
359.1863586118332
192.9879138980252
231.68580214405117
220.7516378343741
27.725686660611316
53.21041191975552
22.487201139651745
206.7350066338558
240.76622627391444
87.68415163159395
62.27698163690037
213.00889740734436
36.018600653228795
298.84142224166754
285.36085665442954
294.7353038468346
389.14184987710365
294.2486836588232
256.9992647550014
292.7180579180098
218.84713163793487
324.0767887753274
241.35798422723346
130.85779083349055
149.64890045582771
152.29751874729365
101.0350548751507
349.64327941116505
153.6296558416679
142.8561226421374
131.97963149427878
87.36651573759605
152.78091513318034
121.67822462587839
192.67874537581147
118.5367119669645
57.16397109460395
214.89397115818912
85.75859743419055
206.9459941995714
124.56644627315818
251.69594741869125
172.70268944318522
75.56738317411929
263.0868275379123
179.74965595984162
74.54766997722743
75.49150973380658
155.4304098220661
100.83971615727816
60.729268768727565
185.77296125803022
201.47365017721452
133.08425717639423
79.75790152319632
51.19435779097344
155.1295754337866
47.61553605465923
113.36693819940078
144.2139937523358
204.89745838253992
143.21675526151716
57.477670269097715
46.70617698266408
54.166294056048294
121.31642137109672
-12.533902180084098
36.913798806088415
105.67599440881354
69.67103755664456
77.224542493437
48.12146134838139
116.35857523630078
97.53274425875406
18.863216330465267
34.75273568372142
50.89842845729905
48.59269670378791
75.07391942081188
36.71258946143123
18.032826664661552
71.0382165017129
187.67809908112406
52.609071608684836
56.672210277366815
104.8240251492091
-0.4466074977450521
41.77966175135641
19.270721844452055
52.13293739909441
20.763486236221066
53.703280507850565
16.926649623293034
1.5402021905639394
-23.378500649032198
65.7765333529241
59.75266611427786
-23.025168553059416
25.547966840398207
22.681192279490364
25.873007824109898
19.8537845992361
16.339634974572867
22.480912680612178
-1.5507762230071451
4.1560259633218335
67.83008958968222
-24.54811582522097
34.28180696148813
37.11805344836733
25.02454693217663
-41.45042508811932
-55.49162068499969
3.6035932679371556
16.05795552394469