20.82810592510418
114.49321121183957
28.35561083284341
147.05268742734745
141.55127911184195
31.332676827931294
108.76703901209389
24.326586556353124
258.99768146253984
134.8142153663368
168.5933517931587
312.07467021631663
203.55563992509218
65.87622532043991
307.39689769125783
445.36439314977287
55.62706963381882
22.14919740920481
40.35984424277201
17.253796411117303
316.2840451329172
214.93602780334106
176.99384486322322
356.99789826645303
78.51472280327042
336.5974225362226
176.21277555626682
216.86877481840807
197.5903451673557
23.38159794711713
37.401606044522566
13.365228226949082
185.07679236803526
221.2456339191034
64.79138428307259
45.17995287879562
201.95058467735296
22.905957623317015
270.1837886159549
249.57163383083048
262.78239869705584
360.4487848076134
263.57088516701236
225.42329073748448
257.9736322963272
187.67901615496447
293.7723567862257
212.93795390552876
109.7648256482014
108.9423739682927
118.45432891378643
85.86741798031339
296.3726170957431
125.17810890941546
106.77373920701463
108.39017685066321
70.84192056695046
152.4967445066232
90.01055926285733
202.50976095631265
86.25264735421734
55.11462587432705
163.80197744739664
71.1503070026645
152.1141105122579
89.82266533032625
179.57324926500323
121.56375801040254
46.42313716849168
209.92212225235025
134.00721673685197
28.850478049560998
35.118315873990205
136.5879621265625
60.54489719607408
21.05942351918767
126.2834274662521
138.6235102677856
66.08918574985428
21.021179949052648
-5.018697213987258
87.41011321051042
-9.557200267298365
71.96880286230808
77.18047997381025
141.5880693698358
72.31499361146336
33.223070085247215
35.19458338591412
18.308033179728024
23.050042603425663
-70.98597228905324
-11.041912986640599
48.89525437827573
32.596289063845695
23.793157622158063
-0.4270704563431541
29.27768091042335
26.5100274056981
-44.16706773516469
-22.850771295062202
-41.05254263340984
-45.61333106123501
27.405404481614564
-64.65341187358514
-13.707022016616813
35.83322622052642
101.04668849388327
25.437422177242095
27.058147593715574
32.0264689677375
-56.23545081990129
3.676339430897402
-85.4545819508277
-31.481510172880697
0.471862716246443
25.012094942460404
1.7277873325444089
-57.84449138085763
-83.56991220820899
-9.089820479348292
-3.564101188468009
-50.46556442167275
-5.852141606369817
-82.11565378283197
-1.7667318308546394
-30.252622433483655
-35.43143373178242
-59.31791394819762
-46.532120518836024
-69.64939324150247
-14.042738376199372
-119.77055970883629
2.842627091933961
-25.266942262511805
-32.74659517373104
-194.06576202093754
-200.18272897687638
-66.5378532027263
10.119911935114624