19.155909528312804
106.31279913866133
28.8758610861118
145.47840066635578
147.91405304836607
34.73521507275516
127.17761999048983
25.54418814537237
268.17678469611184
162.68025545494248
208.82839614648515
359.23132700802057
234.82267047230636
83.653936699637
392.9115523590471
577.5576927235282
75.33916020743432
30.099811836310693
67.88574461110036
30.00835672682248
440.90588269338537
311.65682910720227
255.1173305957569
489.98708343916593
131.30531522373275
481.7702217339871
253.92685265942802
302.43010352553324
296.1617426474126
43.772156082651236
68.95383151595445
26.469163369447077
275.1508694826412
306.91284692585094
121.29730053231415
83.91998080078439
272.5072471091656
49.88411635567322
404.18067231980103
391.7616630243153
400.6220604770321
497.2555647085045
386.6506106400319
353.8733626810198
407.9516578617604
305.86476716055824
391.2630434660931
283.9888706692342
181.89948704135318
219.98526764957884
213.38674710002132
125.25694494535205
499.50413270995335
212.56354998895478
201.76368309471414
178.0605808109039
119.44949169145882
189.80035435792973
179.98241903223501
254.23737869691675
176.47499030855988
78.30058745319262
311.6828266952418
111.21564750743264
309.108749277335
177.02002275734762
378.4199297599379
259.6987850155504
125.69398154617966
410.08907140257134
266.23184691414315
120.65185324193885
122.95182595053383
202.96875611525684
152.14504171411693
104.63108912653368
286.0166943472449
317.88171827097057
220.72810039066317
145.6825665028539
103.12122320856551
244.1435178337371
99.22361953495265
185.37650749386822
230.75334482668023
318.209954171288
242.89544275021558
91.08077966570335
87.79420833013556
103.0407780071922
219.7064333680843
21.978509134943245
77.40597664551602
184.70078988842576
103.99196457165641
145.03594276571124
101.26703158143222
209.1611772962141
184.5388141639744
68.77656376630577
85.43957944724602
143.304598958103
139.6972903685857
147.50067151854495
117.73933353092023
54.378762809135694
105.47959051793507
312.79167157719354
114.10097003293883
79.31110621183724
188.40093239034468
39.313743650158884
81.94863170744935
99.79349841678774
139.68610777485964
55.651905957058894
154.68770320663802
48.482356087916145
50.9870268979131
12.802227990075622
149.2658778661304
135.94508004318527
5.188323728264638
59.942235093844026
107.66941603860009
60.1104329131821
88.94833401766932
81.0007884674901
126.65931754509593
34.197151187284426
43.76546857459132
151.0879878800128
46.78471570331434
60.74944013130332
105.345054115483
89.25755683641097
63.49928871616677
33.67365916629139
35.70802906230838
23.278575969595828