21.992920150523194
102.77678405131832
27.71409591897811
132.42729068925888
136.5499773928275
32.43056236899605
110.84734084648406
23.432564973250198
233.55266678043955
139.8619763325575
175.71210300199868
306.60366948861196
203.16323147159076
66.16532795878643
320.66035217580145
464.69760910365915
63.828314403156874
27.413289124802947
46.668600047311436
20.585977871799663
347.51741963409836
246.1490986077079
202.04210363844865
388.28116033048985
103.73334322712864
375.3524014884364
202.61445007863531
241.65102481060853
230.35075132386953
29.163983239515446
56.69647394165655
24.093890536492268
216.85774213859733
248.75748260516187
91.44687843300977
64.18608124222558
221.12482364005905
37.92298895003581
313.2797698733847
299.50167591943267
309.29387672227494
401.3277457841893
304.72185069511437
269.52878075935
307.1730849715789
229.0928766036419
331.65354104372824
247.08044543584376
138.50929632405854
160.7888273427469
161.7874182691522
104.3590689556624
368.5799989879689
161.95702489828227
150.536593167642
139.57664333490075
91.41358106830195
157.5184732010921
129.2423579951713
199.14063990730276
126.08622053005348
59.66414543087838
227.3510439900577
88.91036995347314
219.38750105376806
132.7141901810748
268.2940790353246
183.09398998778053
82.60709292047218
279.1558208395479
190.54856392158058
82.17948717713631
83.04879784478459
161.05237904369122
107.45982281669697
66.4612466655854
198.55777788780853
214.5270561948421
145.11129627670115
87.55337086319018
60.382055930742624
167.18358199149492
56.802561826718666
121.7206803250654
154.48610816511322
218.15159402945918
155.39387667669928
61.577135585437645
51.04655121042585
59.61305699168327
137.27441369781104
-5.466618145090792
44.53680227529105
114.82312827992375
73.93370882365015
86.85827691087991
54.51546137797887
128.88825976336113
109.41781542928986
26.372806236852536
40.581078900292525
63.27974247163552
60.88589509591581
83.13621128631122
50.24491661548856
22.621066922008264
76.01200853231441
201.25808092323402
59.97476112254306
60.42959456216325
114.09845348616588
5.679549577915853
46.21265800474899
31.201028799272272
62.888031863988104
24.297259376238515
64.49195518613614
19.997685673855106
7.141079131010709
-19.460829214044022
76.20472109820784
68.00476246179574
-19.626382373010603
29.099850934172604
33.88220097772617
29.834830156540974
27.010243544654966
23.810118085456605
33.493940145303135
2.6166240400931677
10.407789393046885
77.15743388012245
-16.232218380688124
37.75553863702692
45.670356139966536
33.13505112711726
-28.54918660026324
-44.621006343641035
9.474792186531152
17.42438413136188