22.199493977772345
114.1399910441181
29.38900269333882
144.04655527729477
141.62223436000804
32.56480544524133
113.01457962238375
24.829269152383016
254.97971237337634
140.43964284460284
174.04411301388672
314.0393592877662
214.61044381050635
68.13421244055448
317.39616666961615
460.36778956913173
61.97264421728908
25.63995864375141
46.75532919467807
21.208779149756456
341.53098090220504
236.04356345187833
196.9566366173716
380.02673178533115
95.13139859685491
367.76689647510375
195.3080680438647
234.69351156950668
223.58751741766844
28.556651697459944
51.19139904700232
20.20985743670729
207.240227287055
249.98891456135678
85.64698104306557
59.204209375939115
218.1669312736237
35.96200622678012
301.8388249167259
289.4420542550793
296.84947773173593
413.4515865159999
305.5744714840945
259.3628296093408
296.27661692259113
221.6564488833678
339.7143210253407
244.9419561698227
131.28844206709107
142.55536932056094
148.57636190214566
103.24007608637196
356.4399505991367
152.27365626053245
141.38187117169218
131.64134770505993
88.9317436789632
165.54888096322765
120.27558178349489
219.94481406356434
116.8604382584079
62.366873594347624
214.5474731282689
87.07307842071462
207.3593039404182
120.65636105098966
250.46517091631347
171.86460773570283
71.47768731503463
271.0987941978094
175.80366060952542
67.5892065391864
68.94276549467868
158.73898485753946
97.82820467838197
57.360586838358216
179.9614821563143
202.4453944549859
125.30084022677404
73.47785988405847
38.85549316056926
150.0963429322284
34.91817060796118
111.53044800387835
142.28001382405736
197.268256666949
138.71074842769272
54.70172947026392
49.92969813429754
50.114123854125985
106.45698523440514
-24.258989222912522
27.152306299904552
105.49175020868309
68.08096234826871
70.3207462437314
43.298788126593465
103.91592489590477
86.48875014042349
6.761427557183839
27.086614753786584
38.968074633158906
36.345797355047154
76.86995848638985
18.099478604122396
15.770503196835616
68.37955405252134
192.62140888354082
53.77902663902881
56.281604853360164
101.69687379958731
-10.637343100428813
39.72985382937594
2.847414043592261
45.726445948956034
21.88184581094427
60.27286889895555
14.951970684358399
-5.044059131075201
-33.34122333193563
61.84034762989186
57.37315535660157
-24.965973926039247
19.91549832020585
8.958528047808775
23.46579029860488
18.72755917084123
10.149456477016663
20.92690760715662
-7.5458463118782895
-7.506825768818803
60.26351597626711
-37.404929374056145
34.031703183862774
33.53483008452072
21.42853977916618
-59.57085445871384
-75.10025440881307
-7.5758498889450605
15.623131329808738