-2.8404415357499126
-2.969490315643516
-4.474315958225255
-7.772160685016127
-9.368880397593408
-17.204107208423608
1.6056551801368761
-4.445143994477667
-5.538370638505257
-5.400643589649532
-1.7807803956574315
-5.999169831590919
-5.725901101811471
-5.955497584009479
-6.837928700327809
-6.2825535197453615
-5.488668404949971
-2.9981788391229904
-6.030269702999741
-1.2664282133030684
-6.260423565544035
-6.46528955963733
-6.0260294445723055
-3.6987783055450567
-6.192832010838207
-6.7160316682249155
-7.159425326813567
-2.58682423357839
-8.736027345196083
0.7141639226592869
-4.9671579675302215
-0.7804021915029243
-0.5821214370997421
-5.496105968912336
-1.3642121376016254
-0.48877148280181354
-7.189096083477818
0.7902556967638823
10.696460344977117
-5.097473356645418
-0.40713456735732795
-2.3817524383127777
-0.6007700209727529
-0.21104904972825278
-0.25080781009379033
-5.028196890452847
0.22959648219800888
-0.1519744049214609
-1.0402999224775096
-2.102242219835055
-1.0477184986282553