0.7687778009251119
-0.5992971801069146
-5.700619583129622
-8.738676770251852
-16.444377415133236
-28.080435841345604
6.273713064662599
-5.209706457890065
-7.0213496185865445
-6.041463674730197
-0.09097097582225587
-9.878682232651416
-10.018777164986005
-10.416624299690941
-12.744530322128016
-9.698335750418776
-9.25531222457909
-6.136764617119058
-10.066601356554196
-3.383167961578328
-11.994824242302625
-11.71602555566007
-10.488360171004745
-9.031431668605016
-10.50231994132186
-14.009690354925759
-13.352056955651545
-2.4749236496503473
-15.53160282052721
1.4137747333369528
-7.524312410182713
-0.04666613961812506
-0.5353774216627697
-9.858976084326537
-2.2608820620510395
-1.8599809587991807
-12.988340216517223
1.4280153650106073
21.462461991536955
-9.587120268877431
-1.2337307922884282
-3.09643676971049
-2.671891627698419
-0.32691545391563526
-0.1291732162941889
-8.344857537209007
0.3978471347049354
-0.9220706573975825
-1.5690076535862747
-7.696139481891209
-1.604251933219253