-4.723214257355265
-11.549479114323894
-4.22076358760581
-5.404946918434819
-5.483232501102146
1.530027694708223
-0.4589178215339033
-2.561864254560398
-4.554086625724861
-5.846175245472332
5.494656940151519
0.09502251765168564
-0.21755881947112268
-0.5019386219483984
-4.438112818883916
-1.842921531591921
0.9887178679463191
0.5104965973276848
-2.0079301904704057
-4.501216435256618
-4.2017374977466275
-5.033995897059913
-2.2925396614466598
-0.6490833386728009
-2.0961818799696674
-1.856381611653925
-2.295670934151049
-6.906076542885945
-8.420600986404782
2.3072058148829586
-3.6682840906759333
-1.6335554769361653
1.2389536202449074
-1.4107167920272126
-3.5104114705137572
0.9091408706044599
-6.190345413845512
4.720044079058072
14.579188141418724
-3.407833737759677
-1.4335079392463992
-3.1383459921603203
-3.0068676791108877
-1.446186142396654
-0.2335866686526361
4.0630817303499125
0.28437980247727573
-1.0102050502998503
-1.2898170351402127
-7.975960262380008
-1.2729370279762497