8.495577711162142
0.15982291987457017
4.071599545117189
4.120080933722978
1.318344247247388
-1.0581329754735924
5.09898957222728
3.973460814990755
0.9379925051540716
-0.9820694041581527
10.277680388689408
2.5161677533820606
1.7856612842419117
1.444264080614358
-2.0993351155086972
0.13443074552917675
2.0278285186179823
6.385860449983363
-0.9001141455839261
-1.5639577641271154
-3.555486109718166
-3.623388291696187
-0.3576396610786134
0.6628239155081164
-2.91790313875151
2.2207927283945392
2.4972966583841685
-5.568549955898894
-6.939694112543912
2.4881550991141625
-3.5051472928149883
-2.7316413585853208
2.6651793110475253
-0.8571843340556179
-1.4581558872535365
1.3387282677944972
-5.203400887915655
5.626750840079197
16.839363997308332
-2.4192514118782813
-1.2664272438008575
-1.8827608585371143
-3.2625031511732203
-0.9477954595004916
0.0014307217968132742
-1.0247400542381953
0.3413972036275536
-1.09352012209063
-0.5032457243618522
-9.283455496844537
-0.4784013658624511