3.772363453807017
-11.389654939429962
-0.14916466999809389
-1.2848659847119455
-4.164888881364196
0.47189409172522767
4.640073633222073
1.4115971879398297
-3.616094748080088
-6.82824464963038
15.77233670133135
2.6111896435240647
1.5681024647708064
0.9423260861754844
-6.53744856190219
-1.7084901585530452
3.0165463865643365
6.896356419801227
-2.908044336054297
-6.065174199383629
-7.7572242349743
-8.657385443775219
-2.6501805775443232
0.013740576835245908
-5.0140850187211425
0.3644117442501219
0.20162509672368162
-12.474625243765859
-15.360294471439117
4.795360286487579
-7.173432011000498
-4.365196208011944
3.904132931292398
-2.2679030086114222
-4.968566102748279
2.2478678833796986
-11.393745046742152
10.346793664118323
31.41855151121755
-5.827084522128416
-2.6999339280279977
-5.021107478207116
-6.2693714577936674
-2.3939803468780263
-0.2321565743653825
3.0383416761117523
0.625776378595322
-2.103725799899918
-1.7930615044829805
-17.259416386734053
-1.7513365113100046