0.5305568718869461
-3.5815352696301677
-7.8449908602111025
-12.905818102201989
-20.03567777455541
-38.96727855256801
8.036400565027614
-8.638180137813173
-12.052099312683458
-6.898383993551468
0.5925840966391638
-13.019849257417055
-12.958112156062832
-13.425303466497022
-17.195415403452568
-13.751569295533239
-12.282604131912214
-6.220329496073078
-13.476763113365918
-5.61541059649775
-16.16129138927637
-16.993127702441825
-13.897473395737059
-7.453785438546492
-16.63550897696468
-17.306646531944832
-17.42385281148727
-5.496384962799936
-20.276748290393225
1.2342567569964837
-13.745874613645821
-0.5312146004254366
0.11373173024318377
-13.153742509005234
-4.294049339134098
-4.337304349334309
-17.14288387863881
2.67468172659257
34.21144113179703
-14.563512591164397
-0.9629582390627003
-5.796004898570682
-2.85028488414149
-0.5648004908906155
-0.4658519151235716
-11.907700696392842
0.46719131043419043
-0.9803345171825301
-2.116991997705707
-8.695211826101241
-2.1626265216473177