-163.45369646391913
-146.72500695514762
-93.96941855788373
-86.80263187316922
-78.13906546017235
-63.74218265116433
-72.66771548006874
-63.80173330842206
-58.090856654207016
-50.27255189370818
-67.73521423433257
-47.05765726528604
-43.93463631160545
-42.173373854081326
-36.197581488916484
-36.36975756197619
-35.11276806197604
-38.56667480667243
-29.98851244483989
-28.531661149931455
-21.27430601041467
-19.455067944593758
-21.418520257503584
-21.184252113431754
-16.242237822710116
-17.749741689283727
-17.339795968794107
-11.944826452393393
-4.49348300745436
-20.645754784518306
-11.324163021645603
-19.301020622746588
-16.20806992717234
-9.443178015183847
-8.89765257918761
-10.853430450118825
1.7346121265218557
-15.430962088154118
-32.83731799588001
-1.6813993158540619
-2.860891385193696
-2.804691629005015
2.386381206097433
-0.831682345548342
-2.133450927745478
0.1271648123375348
-1.7612624575241285
0.8423186325741889
0.47554556981771134
13.93821724633309
0.7396957191212232