-144.760624309865
-137.88828647665846
-81.73454064697775
-67.84151536912171
-60.70864371796866
-39.39168889297515
-65.17053914726091
-51.82238252566187
-47.384387665412426
-44.699512249351706
-54.273541709946755
-41.63751593013676
-38.52634593501297
-37.01955845658835
-33.97775834750688
-30.925697653893096
-27.42860964019372
-26.407063293996003
-23.575305917009167
-25.1166651605017
-19.424974909811333
-15.588570589421883
-18.001167667212492
-14.200932908144589
-13.46167100457387
-8.342061973362126
-13.002555917855988
-16.139815568635548
-12.595583036517576
-14.81737721304871
-7.480814983602035
-5.071918358028679
-11.165557080055933
-3.7761059158002945
-10.408698298588158
0.861839378836971
-5.380624223062262
-10.40474354896748
-28.8523234698321
1.9453972362838226
-2.8536849844497127
-6.075118094274856
2.0332722587989367
-3.693848687086568
-2.8951974351058047
9.924119559834292
-1.5067874784246171
0.7485451701890836
-0.6184932253203983
12.49840311587794
-0.35047856027169755