-51.22327594030758
-50.092455394884155
-7.600204400287327
50.49263392904674
42.92752111841026
109.0101123702779
-44.61054317387998
15.77247349840529
23.497314475015514
35.14338676339848
-18.399753742093065
15.964414867620592
14.283025591940385
17.374922071444633
25.064468145352166
27.65897419221425
17.594640151306365
17.395079561011805
28.9334912892321
-12.206509861566271
28.783764370655028
37.01660257407514
38.261296024208406
18.07203561934409
44.7633078662632
51.13755499680929
56.74195331889027
11.746235991856315
70.29126461278406
-24.32351803460366
32.870005596397085
7.06628412609532
1.4592170059001452
39.61510334677447
5.98679260777006
-5.102250111880026
60.698647705941696
-11.195929560655216
-96.80729916751665
45.632130620120144
0.5537784417166514
27.74030633377212
1.9568465197133689
-1.1233261986922904
0.389857256919565
49.80589813427544
-3.0918964795042485
0.021676690232853058
12.443329459439273
14.323447247746657
12.773968639197655