-149.53083409978998
-144.90093270330493
-89.35647825856749
-82.0579061337828
-76.57108286416027
-61.28713457742238
-62.65748858400873
-57.62200677701211
-57.047144345408
-51.14365098682182
-54.842832892682914
-48.06531675591366
-45.461804485408535
-44.05683206022514
-44.4126282657637
-38.52810942826409
-35.72447107282457
-31.53469136213585
-31.85080805862277
-31.736902447329868
-29.617226371023204
-26.24338899901802
-24.50625548016495
-20.1987949602364
-20.878185027745428
-18.835069953309823
-23.528816026597045
-19.73824496816329
-22.397145261668314
-16.002129497382793
-15.58645641118239
-7.075623812149431
-11.825484735852367
-12.14607276110432
-12.146928331476856
-4.266909876944263
-13.390301561169625
-7.763959147717125
-8.994636987922346
-5.857622096050242
-4.176565264877076
-9.176073009370555
-1.2911561775693068
-3.7209972173973784
-2.756887721034474
4.156107924851779
-1.4049724251834006
-0.4707990116247258
-1.2279177131909131
3.6745596223916364
-0.9282211283551625