-159.6813330101121
-158.11466189457758
-94.11858322788183
-88.08749785788116
-82.30395434153654
-63.2702885594391
-68.02764184684666
-62.39013612048223
-61.7069514022871
-57.10079654333857
-51.962877533001226
-44.446467621761975
-42.36653384683465
-41.23104776790584
-42.73503005081867
-38.07824772052924
-32.096221675411705
-31.6703183868712
-32.89655678089419
-34.596835349315086
-29.03153024538897
-28.11245338836898
-24.068700835047906
-21.170511536596507
-21.256322841431256
-17.385329945033604
-17.138170872070425
-24.419451696159253
-19.853777478893477
-15.85039449803073
-18.497595032646103
-23.666216830758533
-12.303936995879942
-11.711081023795268
-13.86621868193589
-8.605562566739126
-9.659132920220296
-5.084168424035794
-1.4187664846624524
-7.508483837982478
-5.560825313221694
-7.825799107212132
-3.8829902516962345
-3.225662692426368
-2.3656075021108602
3.165506488449287
-1.1354860789288064
-1.261407167325729
-1.3175159346652692
-3.3211991404009615
-1.0116407921887813