0.26091387226518437
-3.634940246963
-6.88345044260363
-8.987784236516516
-16.470195239880987
-31.367723675486715
6.851525827850466
-8.235110790738638
-10.222551134312175
-6.11599774106658
2.110878239206193
-10.92552688531168
-10.820636646169405
-11.349365822417207
-14.747620040649606
-11.375516159460622
-8.520396418953533
-4.33346091163782
-11.154481333613322
-3.9883717379435892
-13.962339395926852
-14.44501741514346
-12.64878041045463
-5.694055836896897
-15.24678405063977
-14.733328295184831
-14.185333755290033
-6.128637474115925
-18.494244180567836
2.5954191604862142
-10.890415331480563
0.4715031137360543
0.35677538525914193
-10.2429634473829
-4.978794679258986
-3.481251128870981
-15.189909297472717
3.2436661437496523
29.988823326232577
-12.360105894898204
-0.952229042327787
-5.0978855821082405
-2.788180655181778
-0.8083812118859753
-0.47484181725582186
-9.23898403175199
0.5287291762478019
-0.9189025586671876
-2.253786509624035
-8.436130411645312
-2.3011118969806406