-94.30612617048253
-87.1965339016674
-68.4337166635608
-109.5954725279166
-87.19178742124569
-120.32136542190743
-26.833709038043537
-62.3851495661771
-63.8603525218414
-73.80143533801999
-35.782816992031435
-47.72324856510593
-42.790594361967344
-43.97785622834204
-46.29769617073102
-48.88633609568857
-35.76793756692099
-37.66537823788875
-42.442195849687074
-9.526987337357102
-36.213915038163734
-40.889147607836954
-45.77410352041615
-23.241536858883663
-47.722658929515205
-45.46992661524566
-56.392452281094705
-25.411127910841515
-67.35524482877442
8.092366088217993
-32.82650816981641
-12.091536344505874
-12.089396664293307
-33.53223317824823
-14.134608844307179
7.824070449516178
-53.090931712486736
-0.6368293533228708
46.492513706147584
-34.09961311495889
-2.1737326338779357
-30.718987658336488
2.748317366783987
-2.2436070344786425
-3.1558814757311806
-31.53692103723214
1.187261866374696
1.6489391373538131
-11.492815031173397
5.871095350022491
-11.520195266250099