-112.23042052361154
-96.63255156026347
-86.3692141575964
-137.29526580221597
-121.06658657858262
-172.75229502144222
-28.05717230618875
-79.57420680682735
-81.58817112922253
-85.41593865710666
-49.33546049223951
-63.02207213290663
-58.21766190354584
-59.548295925525956
-61.26204963426865
-64.02873175419045
-52.707408213282406
-55.961754367684236
-58.92200373407199
-16.325151288365184
-50.0580703810697
-56.471670518668894
-59.679816281711986
-39.25628773277584
-61.005545688973314
-68.88729668609302
-74.08174928768437
-23.691062444249706
-74.78474762023842
3.677763250085349
-44.19416861804269
-26.367304748841907
-17.667286933072486
-49.058281361958315
-14.884445186957672
-5.7511803382387985
-58.96403557941984
-4.235032527498902
63.96998117163664
-47.3135299359742
-3.4146698269103477
-30.54499796277714
0.42953468638406417
0.2916438531439485
-2.523308184665043
-49.678733321937905
1.3306340219801203
0.8206419423413358
-11.967783889621561
-0.3852300014135676
-12.03427292007643