-89.94910867923123
-89.81542516518277
-78.68987267866575
-122.4485827311934
-117.15913895981662
-168.45959190178675
-12.943154538870287
-72.11453489562848
-76.77652110683051
-80.58520632941521
-31.700258930571263
-63.9013154278722
-59.77768430672753
-61.61927164882917
-70.43537512313847
-65.14336600796643
-50.82341643637895
-50.84474737764614
-59.47965829104873
-19.280139683000378
-58.715729924792214
-64.12670957016036
-64.73618194893437
-39.35217546249215
-70.23367003839589
-73.59191894274343
-82.53886933688109
-28.094145903651217
-97.5581038647284
11.229094427872772
-47.364051361922634
-11.18595210019668
-11.983255503664305
-51.40742636852497
-20.08900296091413
2.907433902912192
-78.38543398779248
2.3916829697401654
93.5376631980112
-53.80350534707681
-4.631429267350547
-38.15254030614092
-3.872022332119485
-2.9910782747754894
-3.3866170415179813
-46.405758244794335
1.8415873421016382
-0.7169918158271514
-14.737126372724523
-12.280857814223534
-14.858849208174751