-92.77484343908264
-86.54311182385231
-69.13628273302376
-110.30298760776301
-91.60883633870233
-127.71545043863973
-24.582255743878903
-63.00480212604427
-64.77760293066832
-74.73471236108875
-35.11079134975167
-50.139112354077064
-45.47204360408867
-46.77650321399294
-49.7746625093299
-51.10802753449274
-38.33698191011665
-38.96515206950221
-45.2417867007099
-10.549060364261148
-39.64857570067531
-44.03624722218814
-48.21800726345819
-26.643191152326686
-50.05063440973135
-49.33617578724366
-59.74717089006828
-25.664618121623686
-71.233173406375
8.247685157376592
-33.733887284112164
-11.917063538125692
-12.079753672800459
-36.135847432239004
-14.570342583431135
7.353150309729455
-56.25310989524203
-0.039875118204369085
51.53942109244748
-35.25243054420591
-2.6753470818771152
-31.127592638095226
1.464119968409932
-2.2492097673947478
-2.9891039998075954
-33.82297048276117
1.3044596099042716
1.2184977448298804
-11.786457917683386
2.728152454373901
-11.82390211718707