-98.56847203174759
-91.17353706145778
-74.87282341567654
-123.56275582631301
-103.02840874268955
-138.92952327221354
-24.898471237979216
-65.15936948467876
-70.32190768611135
-80.17104000915373
-38.55395738979604
-53.10420473822258
-48.92419343117952
-50.082388309252565
-54.72947637046626
-54.81156746101771
-44.7987148051774
-44.596310011509836
-49.62981801424155
-15.542020847820009
-44.43865134575138
-48.8149741579497
-50.11877109391872
-32.57677474268359
-50.39470884336885
-55.239296654934286
-66.08543559019728
-25.35584348590368
-74.19416569388453
5.725969376734649
-37.56604667609891
-14.613411051980805
-13.641477127011655
-41.518212660495884
-13.154926259987931
4.316591363806745
-58.89903996963861
0.18830426918843896
57.823838853361714
-39.12964682127218
-3.77811466426594
-31.81849376103444
-0.4598220421008979
-1.7892898068191128
-2.6719031606982173
-36.410806177671674
1.1581948780730462
0.4264268568096088
-11.41746066300615
-2.2127572137097085
-11.401077870572175