0.9783746517142599
1.1620481099401427
1.4041529479031771
1.6066111369861695
1.1644427937251562
1.566467110223779
1.6373244148153097
0.9674930799703721
0.7973843365153633
1.1440039752783582
1.4244803193969635
1.511757868703025
1.2672755576595427
1.5494908255232713
1.698822402396567
0.939675647691554
2.9641483330343052
1.3447395012718535
1.4145339791161329
3.621509334172972
2.8828692053427174
3.3491464407988842
3.115258059274107
1.4248164430111403
1.6317322453992997
2.619715947868302
1.549292755268537
2.109488119787701
2.1460400979683167
0.9704421872769646
1.27473440109902
1.1999009662671765
1.0456213152431735
1.7129099951566071
1.244153667094651
0.8945717602666416
1.2067887879298071
1.3584185978578875
1.5271004366572893
1.26935758480703
1.9480636003607512
1.6545458467937033
1.3731472688174067
1.0034453748745675
0.8585795557539149
1.762951341151732
1.1331447729953328
1.2499384009958374
1.202857097288465
0.9662922808140346
0.5181633949250833
1.488944149965327
1.28447668280128
1.045118441004608
1.3714521270418496
1.202502277654917
1.6773192323549966
1.1442955639105983
0.5781151983229131
1.4001386211555733
1.2947976161685875
1.5014097171079726
1.446396423987914
1.096587769717856
0.8359478787941601
1.2547348010659183