2.4771134923521227
2.936511790426006
3.1572432467767126
3.973760974148676
2.9898095420630977
3.6844730918424293
4.116245951717674
2.5220271797469893
2.2122717823542652
3.0988988856729667
3.880302699150316
3.5698657830775082
3.372589299994235
3.760912983778754
4.265317124046385
2.48647618410849
6.777512479614915
3.0803365743244187
3.3361763860898477
7.79556554599742
6.493437373816818
7.380854506651474
6.919716721956722
3.5018577552969785
4.006355167957959
7.10954293338133
3.81898217127254
5.531012605103582
5.630746220430871
2.441100992925436
3.3743134665966785
3.1923430090757012
2.6769765026980736
4.9401667632841
3.379682204330816
2.279218346966306
3.232961946368162
3.8257894087847824
4.022136024356842
3.175795613981235
5.516171255390631
4.708975008085313
3.829398833106318
2.8235195237232977
2.2411253031977214
5.101478184153464
2.884607851101194
3.239388761229633
3.0353696521562226
2.4294239668454165
1.2242798726878705
3.529644521183292
3.1867453464411613
2.511847793710651
3.4598904486797193
3.1444291238008106
4.170375378797623
2.894799284065627
1.6052422750818833
3.2724123309653246
3.661744947210829
4.2167248846217165
3.7252641368095047
3.0074219470101418
2.0221302047051815
3.419897011034031