1.3124130268863246
2.0156454205105683
2.4853388362088324
2.3256382806984153
2.384899028525679
3.5339524916571845
3.073302743737687
1.5881294323782023
2.212328879449186
3.41227148536803
4.174758351723976
2.998211812240188
3.305293655579038
4.33194008386059
4.299116941305652
1.795095262967037
4.6289761266534795
2.693785589359254
3.5477959800603553
3.645561341998838
3.9549768933914407
3.954566502139103
3.9982461875915822
9.385132125870443
9.975695805506628
12.577866881634035
9.732395916374605
11.892907566397126
11.528367810196483
5.528396874173501
5.7890599528306765
5.085085842906451
5.7638792492070134
7.632839917500766
5.277387402587439
3.6301145666697874
5.073358944249212
6.023164316870388
8.009889076779642
6.2246733243252
9.605819080498296
8.543296675652567
6.6772187862775745
4.135631248129356
3.7296946862557405
7.7482859888016975
5.609283483967244
5.587911763372622
5.520621403215506
3.4989663236489323
1.1942843522162543
4.934965475848544
4.094169808971372
2.9904702267985894
5.215650502036569
5.252705569064149
7.213758285364292
3.3940235073632903
0.6885769078505464
2.442243362156702
5.466949883039372
6.1638714130186205
6.285063589360775
3.8939296258466647
1.7397828052911655
5.231808873206458