0.5174964664694754
0.8860045931273157
1.1282741115616997
0.894021027756224
1.0706298283609808
1.6505961265474733
1.2707432545543904
0.6537463622130926
1.0909605105953961
1.7062813249018933
2.0148083227575855
1.3872811924899142
1.5832116399565106
2.1310187007027177
2.015807945486749
0.7902008260734407
1.457778126498511
1.306002389221325
1.7303318838081208
0.9307391221501397
1.4689019884685757
1.0676654731993593
1.1699357262690968
5.23116693092669
5.505640867489795
6.482989517227887
5.391708349247552
6.468795250980843
6.19067485636453
3.1013662262799704
3.0821167430174405
2.6444407475990808
3.202591048422636
4.072390834672472
2.8275135241812523
1.9665904881672063
2.7229114455865977
3.2148431725817184
4.362395005336046
3.4018567092007057
5.167977345744331
4.6317384237366435
3.5960389150331213
2.215573103874385
2.03093908350678
4.124189238812242
3.0201043657695097
2.9564523060414825
2.9428786467489347
1.7912015661472138
0.5678446960161002
2.5798085179381878
2.077175870416464
1.5430792660467076
2.7613708790094504
2.8170981205043852
3.855752571725768
1.727503698221
0.1790931109526909
1.0403487270336056
2.925320301750638
3.264250765297789
3.3522847089798278
1.9910928539565353
0.7430277949005211
2.7680839762823846