0.7949165604167969
1.1296401998737624
1.3570647246472025
1.4316166254325444
1.3142698276743277
1.883356992619201
1.8025588616735801
0.9343830701650401
1.1213671138347228
1.7059901604660672
2.1599481464377632
1.6109299922408014
1.7220832706418558
2.2009220106674836
2.283308995819042
1.004896319422223
3.171197372645496
1.3877838276474361
1.8174634687426925
2.7148234748677478
2.4860736499036062
2.8869016564492163
2.8283110888320278
4.153965194943822
4.470055565526168
6.094877364406217
4.340688194636526
5.424112315416353
5.337691698813147
2.4270300203840924
2.7069432098133053
2.4406457228169467
2.561289455803462
3.5604478278090346
2.449873878406326
1.663524078502651
2.3504474986625445
2.808319889269516
3.6474934439340188
2.822816615124634
4.437841734754034
3.9115582519158534
3.0811786162252295
1.9200575167453588
1.6987562302583978
3.624097377498962
2.5891797457072068
2.631460084840891
2.57774275646664
1.7077635024826343
0.6264402837097486
2.355156330400814
2.016992683535928
1.4473922157709314
2.4542789955175413
2.4356080760692707
3.3580057136383146
1.6665198091420816
0.5094837968978381
1.4018940076136235
2.5416295812886642
2.8996212752304094
2.9327801353999274
1.902837399399846
0.9967562654099378
2.4637255244337206