1.7610203549291217
2.0866892749090384
2.7169772790681153
2.991347694751615
2.1523369022617103
3.1711440186452013
3.190345021774007
1.8063179602028108
1.409737859543378
2.3542021092435115
2.913004214914542
2.98733644719344
2.4073689943893313
3.1946875190788826
3.333160436464967
1.7189458182233033
5.710836091376196
2.4683757304639125
2.734137889054546
7.028123742419075
5.548964997240202
6.455687570247581
5.976083538387837
3.3526531769456236
3.8597974719944266
5.988651789312877
3.683602576695207
5.0970105206542975
5.009295567064605
2.1926462514376714
2.82973480322959
2.6178161626756618
2.3857347087346437
3.493946181280279
2.376750541412263
1.5258324738970734
2.26701748720065
2.606438685814178
3.4730358854079957
2.7469518783709423
4.2834357296602255
3.560574340639044
2.886759646643064
1.9937078130499337
1.6589097032684086
3.7061611443989038
2.5633172429064137
2.7590060006733643
2.739433851994998
2.2226310873039896
0.9366006023537777
3.3488571042983066
2.6894743909764607
2.265815847181433
3.1297978624060963
2.75532514631113
3.88947033081532
2.144077463928224
1.0122457998678174
2.816636355044579
2.525711491058993
3.040936913207146
3.2773708757403575
2.1857324985704016
1.5343403388731758
2.6886177575955914