3.6728197297639253
3.7213575942464914
4.629596106082062
5.795577894614024
5.295521801378964
4.269192265418409
5.241361451237299
3.499934570909622
0.9177515567853827
0.9256519021351104
1.5030108980911259
4.540401897236263
3.1561032577101242
3.4869200226552395
4.630003987298599
3.42260656783986
12.879639994113475
4.453604774920734
4.264473393529136
15.61560050095622
12.327193127637264
15.734187257580988
15.335674761426903
-3.9080416883567013
-3.2839395052744504
-0.300784157370904
-3.572198571843683
-3.3827973612699127
-2.015027323575222
-2.833506867994523
-1.3688744545760008
-0.3611631272628643
-2.6052439904316858
-1.089613875065889
-2.373605111468828
-1.671798419567498
-2.2960323796905455
-2.557835643197072
-2.826208931800899
-2.096239610870789
-3.402438410598137
-3.124432850133517
-2.034128714539103
-1.800958712319343
-1.456769718636592
-2.7737679578978036
-1.4130636777823629
-0.8406871077437099
-0.9042161755932347
0.2562309786163806
0.5181722942821166
0.7232737939639301
0.8905552924787027
0.7923939719696645
-0.10554710796807373
-1.0531869451035496
-0.46964697998287175
1.6854216520785625
2.2058529807852434
2.610169940497352
-2.0724318981474505
-2.1348188985835375
-1.2244217538434752
-0.5316637498058889
2.5395186391633757
-0.4463789255168678