3.540294371205806
3.5959478671646923
5.161866923068344
5.132073273679592
5.170427598027864
4.700436444095011
4.706627548784169
3.3674411174480654
0.7175279530920489
0.9822184671610567
0.9551136046019444
4.982065324967617
2.6918696012626047
3.5930803982547324
3.773228623201026
2.9811649697550378
11.987203847166205
4.910831867955185
4.730838321560284
14.275815838393148
11.593031631176979
14.48766654536037
14.115438215215717
-3.795098565696398
-3.220820246330759
-1.7964386134451298
-3.539154490070843
-4.021652936043648
-2.8288523835955135
-2.640737895265548
-2.020883271677683
-1.183407831924673
-2.405728638583312
-1.991523133481319
-2.8801009299809426
-2.161545730563089
-2.7304272474756623
-2.9083711650064408
-3.1420497656699795
-2.5025228109060715
-4.267967483490941
-3.7647622453248464
-2.806600716939592
-2.19332431821115
-1.7754642432262644
-3.590301253781636
-1.877748361737017
-1.4287066195129088
-1.5663068568383152
-0.48391279678364313
0.27183209874429354
-0.08041620100656564
0.19592268958488246
0.20302555434422012
-0.5800130363328568
-1.46150709262643
-1.232672722684634
1.1605802483359047
1.7452160673193093
2.0094197312576205
-2.7293777038205533
-2.7319377413774806
-2.096288314992255
-1.1225083943382572
2.333719026311046
-0.5829825157681213