-4.952104644472058
-6.67972568696485
-7.230609427104778
-9.20498354385145
-4.886235593440197
-8.10684746141488
-9.175998249754883
-4.716651762366619
-4.480837434787135
-6.154269889252541
-8.380459199877796
-8.032246614897817
-7.121445981483977
-8.15624940652159
-9.633722548105563
-4.486353243801061
-17.48467286596187
-6.872456463169395
-7.069594866549206
-23.681539986702532
-16.704149492364508
-20.105988003813774
-17.568860175990917
-9.213331303529953
-10.514355031900227
-17.564012664682476
-9.992107690550538
-14.180564575889267
-13.965254750741394
-5.8344213639068325
-7.923459047539016
-6.888710215817575
-6.139589930581756
-9.023834711553135
-8.433567216447088
-6.185827972530587
-8.352370616960929
-9.02731111454011
-9.872013028406354
-8.315644992436692
-13.683559434204556
-11.521917639361769
-9.206364692313333
-6.366386318321984
-5.234525362091296
-11.962308868732409
-7.47965228370962
-8.41697774622564
-7.939634988986399
-5.9846201696764005
-2.877569334254818
-10.120661181518804
-8.438592312977933
-6.513038440032502
-8.449333394115659
-7.335365873013107
-10.602245275875005
-7.052807103326063
-2.83931321395208
-8.639880437080281
-9.043016423800847
-10.239154439240377
-9.82522215055853
-6.984435544173652
-4.326371563988684
-7.4798311239512465