4.612035121784551
5.0617797701337075
6.470857354056444
7.4940121610174115
6.770714672960179
6.738395470148049
7.251234477823268
4.567917560180677
2.1600099918976112
3.089027155640011
3.9988254253264466
6.811246481157493
4.935867019478428
6.134126031700081
6.9344358259035275
4.374499851762086
15.453716588724188
6.161775251236214
6.406212969560215
18.412306955968326
14.817558179878416
18.263760440589966
17.64596113933592
1.2317645167898261
2.2347075200647057
6.653194406473355
1.77639972253639
3.170969712869876
4.265573990071012
0.6084301180194918
2.029880308581541
2.610150796423912
1.013912226818999
2.7914666447755456
0.1893645313010082
-0.14139704354032112
0.10605580611532182
0.2716798316348278
1.4407710373628582
1.1526358103935006
1.6647567130673038
1.2607564004381744
1.4375176701835723
0.5008669297247875
0.6815641465237441
1.4888567868089273
1.3816893242903614
1.8860795614259942
1.7899858692678463
2.075765218237651
1.1872905360503845
3.7370031401405335
3.1921194594391324
2.87748043121427
3.1881293307198026
2.1050562940110753
3.5534282592707185
2.8559953917915033
2.4801805538823616
4.412792621147012
0.8964148292567459
1.2914345659162616
2.276786775664821
1.7120960242651468
3.2474595507755417
2.6221593859978443