4.98523275665025
5.737003014757059
7.114934942290894
8.12121617531244
7.6804208299046435
7.803144757075594
8.314664194974986
5.088064003287824
3.130080436234569
4.337923387503141
5.677769249815102
7.538613709476452
6.461396913289162
7.818860106515829
8.92912092860425
5.217701830806897
17.508616120766956
7.147390364279988
7.8122693735894915
19.261161842955058
16.282170021028705
19.68875375972009
19.333920949018484
5.477090437513741
6.6917563002321785
12.277082724263131
6.160197344530923
8.510110205127214
9.513340486621262
2.694890006178978
4.420185498254676
4.723922715643586
3.1586352587753277
6.543226042434877
2.903782291118611
1.9583161471022896
2.7773265645586664
3.465328673673316
5.183680144978743
4.128433713454411
6.203380669900159
5.4188638255190495
4.643090071738472
2.334672535810013
2.2729249676191485
4.974518030903893
4.196219806184881
4.747224655628912
4.616405227622271
3.755197302265313
1.712456646498371
5.658239269812474
4.984725101450074
3.782864198768254
5.110103394068495
4.199518623960599
6.74411130538142
5.079445159441853
2.89442988863579
5.052413302654053
3.3945179848919214
4.029052514435083
5.0606418355173
3.3622658760407758
4.279301444454541
4.7854299476895905