2.046969801662177
2.3840222131825803
3.01909197008338
3.2446854621213053
2.4753398554061077
3.5670529225289176
3.5117722620177045
2.1135755821472264
1.8079314711419887
2.821988891736922
3.3432137777933484
3.301381447854901
2.827301809985834
3.614072211349892
3.7054513978287233
2.059049274095839
5.973174404067745
2.7560246337278356
3.0584871783925993
6.961574409556498
5.810846598434163
6.5520463820577595
6.17318582230714
3.4446151202576343
3.8960592897541777
6.06191491410164
3.740923258236125
5.083912246289281
5.017654472565882
2.402170370104094
3.047109476255221
2.7880058103104033
2.5844731309602844
4.43829906560365
3.1009682572069908
2.113299984341131
2.9581717330640784
3.439028891474953
3.8643683708563255
3.0971251144397414
4.886489670823031
4.121839666061624
3.3281766758454165
2.5654893189301213
2.06613357339392
4.44919202790101
2.825433117891538
3.072324728672773
2.96745817487871
2.3893959151450352
1.1418245197422412
3.342694240665579
2.923102564366215
2.344100709467698
3.282278321784585
2.9799005022055254
4.0645836318113195
2.5899075651803827
1.2881017534456816
2.9897032187257886
3.115359243308809
3.697399650098773
3.444742697343827
2.619264034308706
1.8254851888847416
3.0370192160291745