6.015285523325741
7.339161763703536
9.235233103396409
10.363295843382367
7.066853649404963
9.122810813667462
9.766379846821378
5.562065700067695
2.986093605524919
4.037589470740632
5.455270105329426
9.444446156787924
6.4407262827523475
7.9884168209975694
9.141634047260203
4.981042029447609
22.69436423351316
8.70295175680016
8.464256802019642
30.161790279098263
21.803743749724667
27.21280004252267
24.76458166924991
1.9163749825365775
3.287179617611509
8.658031117856016
2.6339710292071556
4.627899034742036
5.50565614671501
0.7525824757158481
2.5282623092646546
2.5129593748172003
1.05688478930037
2.092144814787716
2.173784082135329
1.7450638950011925
2.388981423117105
2.293150540748887
2.7078272383795325
2.6373265675493855
3.8994206953229833
3.0481803859516097
2.5703651422674225
1.3495424763875365
1.2179358156673104
3.270529430797309
2.717296070871409
3.7488823654830994
3.337958479991862
3.0712834060473404
1.925121560311241
6.510600459328946
5.447769656121654
4.204216200666071
4.409429909103082
2.729429656585866
5.199197174392748
5.31858806759634
2.9792870061895056
7.376887837372577
2.6518937727694643
3.29049181324118
4.00366969875677
2.854505202825253
4.637960385594549
3.4769515971490943