8.624924374235984
10.40108328121134
11.86020553318684
15.000561438465475
10.181757394819162
12.37603972683329
14.417359700992181
8.216586333276242
5.398588991572518
7.079921791387652
9.883470097968923
12.57264851213408
10.277549239194101
11.643169429176831
14.263726535404162
7.908959811640922
30.364312860075344
11.32606123809013
11.334068260078343
39.29714048765875
29.03134262000177
35.84017526139476
32.90453493741782
5.305289615173253
7.230415526625777
17.26322850731157
6.4199091187068555
10.797767214619354
11.950227427166173
3.0009144959123097
6.554584592963015
6.52754708855471
3.53434594015007
7.934220836487246
6.05996210497826
4.514029552963089
6.056338237270384
6.469475471343038
7.045804096605455
6.219405381565903
10.281121023606419
8.397484789228253
7.17223597777423
4.5654276060026415
3.7777556434547046
9.188540910834606
6.066588605927257
7.5762906384819315
7.035418813393164
6.240851148292781
3.3957416285369346
10.843934975482734
9.329147605456635
7.305432412002166
8.343786286147585
6.282178927909557
10.132598295892134
8.738228755404625
5.045166194737323
11.250050377577633
6.970584525653396
8.10433554065684
8.600800396715055
6.452771794367763
6.86589020315206
7.033452198434379