10.668804328238643
12.8583572154502
15.201208911064292
17.8310207705104
12.800639807933178
16.394667896818365
17.722502283018517
10.405606651870732
7.437460408995681
10.381204527594885
13.341530737551244
16.292332323769827
13.102730243191472
15.576498482084393
17.574547116985055
9.8191037635567
35.11561292801347
14.441910284618697
14.909470563138939
44.35610739473201
33.6926154827357
40.63283178927898
37.36493715942148
10.111227530366975
12.426705364522666
23.638740363923418
11.444722599977501
16.818172162996
17.708490839164075
6.482712419669152
9.929738239641603
9.478991312334994
7.227244010489405
12.6806788768877
9.410528488215837
6.666843376297283
9.245539483564587
10.332665472120366
11.620540043883684
9.74221755230284
15.690222788884268
13.116233157688388
10.817556796621956
7.481869033400936
6.245413828031386
14.074662167031969
9.144186517066258
10.73782809193788
10.035919973781409
8.39408404635317
4.467757572804247
13.878670050435991
12.029958699602414
9.510203139605785
11.828800181338657
9.655281778593485
14.28428942505087
10.99787824435598
6.069202927474736
13.740698476167806
10.38802072030215
12.177734218427704
12.102981144985351
9.218684273187627
8.52530694544253
10.720953516496895