7.50059406676105
9.094439021873017
10.821505997288387
12.601416109349866
8.907394397174256
11.224874754900105
12.144999527114752
7.125580818325035
4.859343279068072
6.263300201145505
8.172960515756602
11.341661434487067
8.773657522227582
10.356061214130474
11.907611484617732
6.732663881275004
25.718653826381605
10.349878066874876
10.337686980578114
33.06078808780778
24.689504075471444
30.163878215502482
27.725246302016444
4.736545269993083
6.251387786819007
13.428582475665563
5.552064706831641
8.482661658045522
9.403487333962557
2.8716981402222426
5.193131680158831
5.02047169430105
3.2676584503145234
6.498839498196514
5.30298316990118
4.120193470658903
5.352069351593769
5.709346950321459
5.886901348850221
5.3053859479341545
8.255401581564056
6.876441740017177
5.812531900231718
3.9866309887738964
3.430347949322443
7.494350982306501
5.004424397351321
6.184424615157562
5.653938483060077
4.90761008513404
3.031459808886798
8.81845559913996
7.733055994179502
6.000138413933325
6.883485379201831
5.169738517841352
8.181929753366004
7.376385134447647
4.225343719016239
9.375378749800195
5.934185053884617
6.842157217423398
6.803060523569489
5.410372676707907
6.016984275791828
6.0299679424361345