7.517169964594433
9.357483243915977
10.682374811077842
13.454310242747557
9.181610410994269
11.278190009034011
12.915460465560447
7.17099374040007
4.832915955542758
6.421308153155631
9.036070847410896
11.54211164820041
9.23001119097657
10.676303226871779
12.862706976180366
6.801803821467309
26.965215050618312
10.278207080677774
10.417320657716822
35.13227253311436
25.710861073808758
31.81770206234598
29.041635493019697
7.000480700062146
8.853003262210756
18.155292157054188
8.027584154850803
12.267622042469862
13.213174268246524
4.04068111182223
6.906229879865336
6.710855201931083
4.56902902644047
7.377002290725031
5.521963490541105
3.931130944649136
5.500254690012173
5.859962054699984
7.448415694912886
6.371155688390451
10.461826476448827
8.66083437373832
7.315705686651488
4.3017639291166505
3.84995593522112
9.001973627640327
6.035908490108444
7.230732578978863
6.762162683375536
5.670989472769016
2.9230353505629614
10.514970080993757
8.70760920805085
7.046418161779074
8.355184403050876
6.460521664818657
10.091089903334403
7.3188949299371835
4.03139201438876
10.062969839501504
6.824072009748784
7.833189355057866
8.657266228879523
6.077267534130093
5.748345925879484
7.064971293919917