0.2313003156080023
-2.2298881719870662
-3.1565133201264413
-0.18566339081470012
-0.005929199780461394
0.3077933444261004
-3.652270137066096
1.923830443075304
0.42336108104553355
0.1702049450631135
1.55721057865257
-2.17332735055788
1.0311737076986787
0.8941745529901359
0.17364276936511522
-2.9469662841835165
1.2698172932900222
0.9859748950198778
0.3993424203329287
1.0051573477113749
0.010415876191632338
1.0760121516771022
0.26429882010217964
0.5801925254232678
-1.910992117055551
0.731950571950617
4.441899440609852
-2.783615863870542
4.449376907277808
0.13967819068567636
4.686552095398653
5.142810181894422
0.2008284909074119
0.7922611815498903