-0.19086435069047605
-3.5869310894219355
-4.404180395676796
-0.3337765681434286
0.44035688694124875
0.2997863531884501
-5.523964742775826
3.3113619196357282
0.43824855835872983
1.7731174616364767
6.558823246224319
-4.913533884566865
1.1918014142316047
0.7770055970888555
0.26712896602871505
-4.40975611994948
1.5952260540814602
1.522858140706311
0.18815197764050015
0.9287245384757341
0.0804614858719633
2.1857521496597925
0.3769790124951945
0.897152034396663
-3.369493274501821
1.3718757154474979
5.357620739788641
-4.635614660730335
6.341018149331088
0.015004947730220302
6.727589601775704
9.252277048061233
-0.7778717177864467
1.6151107539764067