1.2830474620069603
-1.6432216341984034
-2.9761598712827193
-0.2408532293574256
0.5282500977991956
0.24883515096063916
-2.8920974356059985
0.2672199260495086
0.8197822542413488
2.2839829410864927
7.128523661829455
0.16106162374608968
5.8906330427792195
2.908659922932638
0.7648864629134289
-3.362280308761049
1.8602985263274383
-0.4569524615920076
-1.1972079192563057
-0.46964572497169454
0.028616945974225493
1.8428512505212207
0.6893129765644047
1.7007153151047143
-2.3682373946885686
1.6081187494120006
2.773691401710467
-0.48058196158336575
1.778591761538963
-0.1622225164320708
2.6145436821223975
2.6471239784776217
-0.5412282505191119
1.6110416889424573