1.7316402412406415
-1.675881624267723
-1.7912222739626307
-0.2729842288676476
0.3931661148180022
-0.04056347297752228
-3.4406186022314236
0.5638123195835378
0.1357830286310487
2.370222207426779
8.220677068098462
-8.731049418533159
-1.5584902733307349
4.17522396381753
0.3933876256926875
-2.002899446327869
0.721767143498083
-0.9693391177144278
-2.0169362076754878
-1.8364613206717424
-0.07381269452363308
0.5629808694165053
0.45382558145451884
1.0209467589478844
-3.315275450150121
-0.23439552847553802
-3.979073888004979
-2.779067903620556
1.3952361311820098
-1.4692929269244763
2.267071558444529
1.3127073288698619
-1.7836589012358735
0.8914193731205445