3.0146870757379727
-3.3191045134852457
-4.7673815177357985
-0.51383808573472
0.9214162126171979
0.2082710504735746
-6.332716037837422
0.831032245633029
0.9555652828723975
4.654206403532443
15.349200729927778
-8.569989049806084
4.332142141938908
7.083883886750158
1.1582734610965915
-5.365178500069798
2.5820656698254867
-1.4262915793064006
-3.2141447544413357
-2.3061064181339295
-0.04519512104000467
2.4058314924282533
1.1431379305092768
2.721662074052651
-5.683512217329095
1.3737219659173954
-1.205381231275375
-3.259649865203922
3.1738285202304977
-1.6315154433566168
4.881615868076434
3.9598319348571653
-2.3248865242456174
2.5024604345534596