0.1147287205697342
-8.80826910718685
-10.05172840922495
-0.39574849738024986
0.34165548154246667
0.6921093154136284
-12.802971669226883
4.708170104710113
0.6916276133474183
1.8504677638949696
7.20946057592664
-13.012430979333375
2.051185391433448
1.61549079886635
0.7939336432471878
-10.435043644281528
2.5176867237308396
1.1303374276284566
0.43827200148831513
0.5822765486779111
-0.02963416658142687
3.2259175234200175
0.9642061083388312
2.331165293286453
-7.590170200527418
3.211057397993584
8.536585558799745
-8.906382617076714
12.301980020700379
0.35387253356456017
13.118191743662942
14.299548320254276
1.0237736813582332
2.8906201984081115