1.604912175557264
27.010232846241976
9.861526088650308
1.5882706220313398
0.49622200986738374
2.341821752242332
15.61881962502014
21.425924870282188
5.988141753310845
0.1943899114847012
-11.08602941875671
56.03297042764219
37.71491215518345
19.719889529124064
7.3243292348905245
13.370352470007319
27.25135966976125
12.882237883666054
6.783993302988044
20.746106113345554
1.2160884269105683
1.839964706514693
4.804081414353129
10.24217966285428
30.84606073442465
16.312048261244374
70.91086441480876
34.61222878633534
11.26048962660763
11.393810307743186
12.205054666903303
3.408719781247202
10.9152087663339
4.5145987041342845