-1.8654295527736018
24.8355747305125
10.180372936792011
1.3497623162054213
0.20242071296679603
3.1007192394433813
17.69382663539931
17.849804901478574
8.039150481976069
0.31195257566974127
-9.892446577676287
61.93882510849747
41.761922256268456
24.43735718382219
7.759485919362509
13.02994577578799
25.818112513447655
10.308759507721877
2.033758227955031
17.781892254510105
1.1985530035817316
4.063653353877315
5.069187041068442
11.280212296027546
28.082698654628913
16.449658543747297
59.27474408478013
34.878388812342706
6.65657446408542
10.22162430144579
8.213187359344985
-0.6099830736689507
11.48769534885832
6.095244593037672