-4.6404363337496175
38.56586720183979
36.10224145142646
2.464654238584784
1.298442154051998
-0.4978158841478998
42.46986584608123
1.9348592122560557
2.196422139614657
3.083947188391415
-7.997278017162112
58.837672724295
24.515722957811377
16.086645572278652
5.433496720884784
35.846449101966385
7.537954824436186
-0.23040205764483643
-5.164376695869524
-0.9265404556876262
0.5689284050399491
-10.803801346583873
2.1904520136617647
4.643801667530823
35.987692091292544
7.032677851635691
-10.155423956121862
51.13958436274933
-30.030023457243285
5.903011923875904
-30.511953309351068
-46.831240520885544
4.592867971559505
-1.6807893765380275