-1.0485172455081988
20.78618755795612
4.490851162062745
1.2690554772330185
1.011078469570467
3.1380543156680263
11.739268116308285
19.93784770572363
8.238174490077782
3.026125091570665
-2.0561957528192836
55.121894964512286
44.0950996614672
25.18220045800721
8.460563712475036
7.078900190130151
28.196617555902897
11.291207699241394
3.2619328604612345
18.46027619011811
1.221412238098639
5.46462399685991
5.706294775197312
12.609919926271996
24.570052322622594
18.6261690206369
65.32041955033958
32.26307839950753
13.057184238250514
11.110938103886053
15.46992762299202
6.664678930780563
10.462907377988179
8.108780035243914