4.619599251295236
23.69112833275673
5.09414457091451
1.0744325362966198
1.4176382224845816
2.5500928027159064
9.286103587182719
22.256957115915217
6.943707036183243
4.8485963150171445
4.263171311171068
47.4629813778361
42.04705429712235
26.803773415874222
8.482602695987115
8.00517396993752
29.83342533958674
11.455946304359655
3.569848548546708
18.439999695211625
1.1708933058705637
4.245796198942946
5.947219344862405
12.96384173690693
25.16254851709556
17.68577022716177
69.70548318353337
31.35257892113142
14.434318146838129
9.762294864386568
17.086670534979735
7.368551716104367
8.590322242088282
7.017059138687745