-0.2423939642478221
-8.78913210815047
-9.14350417321027
-0.46714772110997743
0.2718054076060213
0.6917065132620637
-10.828766899109954
2.818190781565923
0.7057039937662423
1.7158434956724218
7.028583203663614
-10.08856444278561
2.246404993560478
1.575880398076254
0.8450048792687179
-9.832529098413705
2.441535793044457
0.31511448089238864
-0.26188118954718215
0.4103816739339936
-0.03573286108653453
3.649639661543805
1.0414215085922396
2.5410864234462704
-7.527902498424724
3.2184005882833717
8.074382292365074
-7.545701569267986
9.438057312531539
0.12419487359243263
10.205854556977808
12.02964406944925
1.4605888528869255
2.6589156298463497