2.965871131666492
-10.143361381905352
-21.517688118957647
-0.7811153542359337
-1.5363783280264507
3.298748770402831
-19.25207446790609
12.603583769586791
5.404479784002682
-4.54511207435815
-8.453991806738493
8.014686268769333
16.054397884225477
7.5737060144546815
2.0588602324490104
-18.406747206228914
16.68493163493001
9.016303424660402
7.009982946184055
17.779708171721996
0.5491631126698192
12.681702550801395
2.501756014911483
5.739258594100059
-4.5355001621618065
8.04510497666411
64.07254730111336
-11.625580889676295
30.345579771997617
4.303607429839666
31.997551066920348
36.96898039915536
7.672699095085262
6.1609232155992935