6.245348509306881
-11.555634355597812
-26.240715362776147
-0.8763836165534437
-0.8022201441846142
2.8396376363902314
-26.851046221061083
19.49106565802613
3.7917196136961886
-2.889557276906714
-3.088751401594598
-2.804702296652812
13.19918919737207
3.6332439568454107
1.8908325140057407
-22.476096631959066
19.713404845325066
13.11263994131089
11.948369998857567
21.67264656903318
0.6471600218706193
12.643766053098565
2.6136294006913636
5.598377995323457
-5.141631356867891
9.279370409608683
81.06628837093061
-16.527355576413992
41.29051308385092
5.490798383867281
42.71700797625437
50.239960302132744
6.322340794774394
6.195388080672313