2.355067734835308
-19.657503385841917
-31.98486806395073
-1.3594105197891213
-0.30340720257606846
3.985912965980615
-32.55561441813537
17.887535527089607
6.023211112769067
0.38308816695754955
7.454513012033559
-6.89517452060572
17.778989851487264
8.401109153301304
2.876987326686312
-29.682371834444652
19.306115733657645
10.395382319207977
6.80441807775245
18.206532873359745
0.7159484512893991
18.269714748961462
3.446207198605808
8.423739098964603
-13.250879459024361
12.519209986257763
74.03555418937228
-21.31291519143689
42.11062797965531
4.524285009473916
44.964660699785405
55.65138083446787
6.911561519863241
10.786722686178985