2.848401526521392
-10.754623625019704
-21.97002827421489
-0.8938698035993344
-1.2306232802319417
3.182178797474332
-19.59825090043208
12.660454967284606
5.310520453288918
-3.5819639929464406
-5.541752158255681
7.558850446001211
15.884251872972108
7.799054026010475
2.129440580674255
-18.867053338696547
16.95608984423737
9.021815320540217
6.928730617544181
17.718066340121595
0.5664646412232424
13.09397382670592
2.628149620506422
5.902711747140651
-4.847740210639028
8.30160471325209
64.63565039558566
-11.73017805047759
30.508434994395742
4.268966535161695
32.42310497322205
37.80524119814457
7.1156636741795705
6.450555857934255