3.834313052489241
-8.9905475357332
-22.46788611615344
-0.7284510402417878
-0.5591690920875522
2.9441636865538623
-19.901830830662988
15.184797711901652
5.3360483566968835
-1.773665592493172
-1.0875009393207853
6.3727866830028965
17.332971710095347
7.519674487652304
2.182062112321535
-18.935019813422528
18.217126938422254
11.206495275993841
8.68819074587794
18.97643497187174
0.6882166941452244
12.618785681899977
2.474421252943308
5.425031835294903
-3.889737270245225
8.37509058071784
67.40146121409637
-11.33080439397382
33.64915038296226
5.083731306417715
35.776026375365284
41.46627538221686
4.409450553541749
7.1306537819355915