2.4457985803198614
8.047906321785776
13.20366269357308
17.064700569989796
23.353000384283696
23.015768017454114
22.075167872477863
20.780508133337626
35.83565919682688
35.872919970900895
95.30849055283832
103.25598806591279
102.52793205549013
102.24764438278824
5.744063380835685
9.823739996830776
13.135830660888722
28.885708853426177
25.332684679575326
6.36786951244461
10.474391230262704
14.134913190206346
18.80780849008092
21.6048641284315
26.908878750855305
32.35730422914345
-5.7037298380284485