1.7141479052279103
6.060617014743253
10.443941237247335
13.59342594452905
17.66542201105499
17.645233861341982
17.268405370192287
16.563238775613243
27.724401736267406
27.797374519285082
75.13267386945023
78.28425488097656
78.31060892080048
78.78325711272663
5.8243706323877715
9.028421010768163
11.493067003875113
23.219147405004215
21.315337390259213
6.947822708859051
10.387946947136436
13.481309391262577
16.788146715339483
19.25334629424268
23.288775046254063
27.607174747654316
-9.990414656568008