-2.487275330714467
-6.585136778433474
-10.210944746984014
-13.629566001579532
-18.192612208825643
-17.89786092834207
-17.372427093437196
-17.045716123559618
-26.77704088113452
-27.169836137814098
-72.10089362473134
-80.72639970033745
-81.37058909187468
-79.76895690878025
15.01527402760487
21.118707484871482
27.19265113032246
25.802799658657328
29.932979731259444
6.0391438478164865
10.882806055160566
15.663505835803475
15.085519957774132
11.162800193308922
10.457745511955025
9.755040853819102
19.384385895241984