2.040921808674471
6.930847500337144
11.919555598215243
15.546043403101878
20.259081953509476
20.223768149582323
19.79740235509796
18.92151723276655
31.819216421753268
31.8744355919752
86.50001631026538
89.86091360364385
90.02586137213216
90.46468173037978
6.573425686104926
9.964240761560651
12.592670429543743
26.242998855632237
24.08653007274709
7.3920893643949865
10.852832105344191
14.082479464012655
17.554139616914167
20.458749465134623
24.706909437399688
29.672881619567487
-11.217784910927316