3.0945634673036606
-4.11598423442301
-1.8772928331027117
-4.204565918649539
-2.2736744882565643
-4.261031454007368
-12.011431213781918
-12.317802073729226
-13.91802224108259
4.5256277148959265
-10.515618968545201
-10.27207281642401
-8.818332916002149
-7.8406492847180695
-8.535520907254933
-8.603532067563346
-10.498214457515587
-10.26708266022736
-8.923039308648502
-12.401367885162307
-13.270717767765582
-12.489082546332604
-12.461480824230161
-12.357474164356828
-12.376004344705771
-12.059937814466554