-10.522517676243353
-22.550358623327213
-20.001413535588124
-25.37700743933479
-12.388595565618415
-32.92043916721704
-35.02159970803577
-35.45602834148122
-42.99923604845061
-23.751347915192074
-29.378371094420412
-30.745728230870856
-31.78615225905155
-30.24700245786969
-27.44795778740644
-28.574818119929457
-26.19628392087073
-27.15809041382684
-21.194634886609773
-36.54367560159975
-39.32327500581757
-32.15068636766597
-32.07250495158544
-37.77337847591106
-37.91813426374058
-35.54126170999683