-5.012222570347033
-12.274665557414307
-11.119857204108058
-13.455853157603833
-8.117746047461992
-16.65592977521962
-18.025776869604016
-18.18895194554815
-21.609068555435282
-11.80266918163087
-13.852997683032283
-14.796227382974163
-14.530566190671692
-13.20871353747431
-12.99134422589031
-13.294850519756404
-12.871286586832875
-13.617533505776088
-10.978730304064094
-18.715734925996074
-20.408119424182242
-16.180298864064625
-15.219540312073683
-18.84474336141734
-19.150329221965276
-17.00214436973928