-5.510295105896286
-10.275693065912941
-8.881555703970418
-11.921153026711888
-4.270850145665966
-16.264510019507064
-16.99582283843186
-17.26707702344268
-21.39016874803452
-11.948679361070745
-15.525372783878655
-15.94949959287752
-17.25558669588942
-17.038289547904817
-14.45661418902569
-15.27996822768263
-13.324996706528399
-13.540556908050927
-10.215903955036122
-17.827941930622796
-18.91515683665459
-15.970388758620286
-16.85296589453091
-18.928634486984176
-18.767804414265797
-18.53911734025755