6.242602431464629
-7.527708594833046
-5.328822086498496
-8.308618762227402
-5.5156310418233785
-8.09875272364194
-17.52653999634122
-18.565607835800765
-20.05237925964223
9.152817932398705
-11.79720477127905
-12.611792998370285
-11.855999536154558
-9.359825445309959
-10.757346305541995
-11.66969788716866
-13.785568499562713
-14.43676725328362
-12.227414125824414
-18.984526980611562
-20.65009357700412
-19.704343995079803
-20.100667243526274
-19.431757229512403
-19.26152366938593
-19.252105856562213