2.8040949063076157
-9.041750155940248
-7.237692492075317
-9.95688074648464
-6.967281350470635
-10.351170208209119
-18.717818853241823
-19.05546984111161
-19.998217537155323
4.3836387873988825
-12.937030080076202
-13.635324004211357
-12.98406611085195
-10.132080829542879
-11.721463097307598
-12.852544480190081
-14.045202653931904
-14.91577468544926
-12.737567768469694
-19.471793330905417
-21.402521447543144
-19.436932767093264
-19.120970849600518
-20.11959160404555
-19.785204666138124
-19.295534963014944