-0.7313914239097832
-2.1343208549278563
-2.034911062771707
-1.9409160280186637
0.3665175521267318
0.25081723214981216
-0.4837892922114932
-2.0619258023917864
-0.24912193224224397
-0.4436769666046236
-0.6907258657945364
-0.22541927216625834
-5.184928376950301
-0.37481762923450745
0.23175205158248982
0.05287637143743339
-2.052353103265727
0.587444054136436
-0.37433453472466366
-3.4652958838006014
-1.1780535840133675
-3.2358768067130446
-4.318937170868503
0.04890788802833167
0.5117237054499078
0.06560938064509962