-4.39471927779082
-8.278670246614427
-8.365990711926651
-8.401675298075146
-1.9625417964860403
-2.263647866285125
-3.7211304357808745
1.0895122185308772
-2.6425255884219236
0.024735799345630582
1.5311252089286775
1.5012752066690391
0.6965738896832269
-2.75309465542263
-5.0191207829401225
-1.3536510726407878
-6.7277351883861565
-3.812065356158782
-3.407971162353297
-1.1845246960296083
-3.1000145706876405
-9.82823105890636
-7.208692400686378
-3.528650035875154
-3.6764461075229287
-4.275956190955697