-2.1931830450782015
-7.268859426685644
-7.429958757481109
-7.455540436576079
-0.6432778793851341
-0.009301992129265814
-1.0082529540274792
-2.853038761928846
-4.799410858814798
-2.3172360218164556
-1.2602452367339592
0.5688343005550365
-5.634267595748177
-1.984148208793509
-1.0398388140200994
-1.378651594424384
-7.196732008231756
-0.6329417816216387
-3.7316682634353424
-8.800916432090114
-3.563233313252721
-10.795351718227947
-10.163029646222615
-1.2618772008466648
-1.8186504934370855
-2.488128705434549