0.007215186497198386
-0.022892781177555794
0.0640658188242846
-0.15470144537986574
-0.1360451123912704
0.13695970318244596
0.5503719652844604
0.6270844774939803
0.5898289494000443
0.30239529258267095
0.2807896119514133
0.5658500238475742
0.6032914867893088
0.37041005793338816
0.6589509409364243
0.5606706754010912
0.7050708127748114
0.6085033088557007
0.5780751600754687
0.6421586420388047
0.7165204664132927
0.6850541036938128
0.597374359037814
0.7942185175272771
0.689729070623531
0.703342283726131
0.584641583891261
0.5863198218138395
0.6226984303982341
0.6226877294777696
0.6599640187255439
0.7605019902394001
0.3779460292001439
0.6895847534649816
0.31541709047499544
0.7975569066646734
0.6998817272624047
0.5309896106377274
0.5291604541557607
0.5535145168459313
0.4170316694730741
0.5773523575410828
0.6036780753490255
0.5014864115766756
0.5015159020159452
0.5034410624402101
0.3389339035545369
0.46027879815311673
0.46031687543330274
0.5547903567330796
0.6139363186289796
0.5802624425382367
0.4752025292036503
0.6312680015267301
0.6684534330377533
0.6090261667637512
0.6747660668872795
0.4769098264665622
0.6425088375537995
0.6775263841776177
0.5232228137442897
0.5250411256061464
0.5724618624127759
0.5644296710187663