-0.04235604753452705
-0.06370814716010785
0.09858474572414878
-0.3472533437248122
-0.35721451895918005
0.26863559640209056
1.6173186444808627
1.7622704794746027
1.6872492115785238
1.0019293488009988
0.9500371395121366
1.6549708138376624
1.7281476039784276
1.134423770510681
1.9100142331402292
1.6226243074642273
1.990803629780262
1.7083292688670384
1.643191013614476
1.8716877501678468
2.0139815920899125
1.9472170265858295
1.708630398782231
2.2489427570553926
1.9503016320317772
2.1400904376114833
1.6687751318390012
1.6435719978860714
1.7490517992027097
1.749062996483333
1.9259601465159502
2.2022652513566143
1.1962010726371446
1.9363635133044441
1.0336935344602953
2.249714428151618
1.9968140236500085
1.6253523130324432
1.5056508778941187
1.5159895942551478
1.2225099700511937
1.560816312590022
1.6444109518124443
1.5292595809637228
1.5292999273183032
1.5388408179847117
1.0647753141409735
1.4626609459299693
1.462571610531453
1.6171582988455224
1.6055328258133508
1.6062934395637634
1.4710312488875195
1.8853821548497491
1.936451067203228
1.8601941551724137
1.9599398224479718
1.2802638710144751
1.9098784789769245
1.978697938114547
1.581743931491175
1.4964777461080625
1.5656886406891706
1.506127238598958