-0.05307726862303916
0.02132653990611629
-0.2398868646350814
-0.31262840033985323
-0.339443138857732
0.028674049344172853
0.9721039248357607
0.926335887567586
0.9441301761604579
0.3302532613515098
0.32651706943125086
0.9482761318233728
0.8854843877020186
0.3254283403446491
1.1498158872468698
0.879181681681352
1.1085439559760797
0.8375144193877959
0.7839050226578782
1.1082553015784924
1.1330996600780328
1.1517674419784527
0.9798241749524352
1.3182814962913514
1.042371817854956
1.4617433594081015
0.8866590855983473
0.7773789232338996
0.8603130967216985
0.860237168064996
1.2139592869604838
1.378511746388845
0.3698114640139187
1.0361776709882342
0.31172541408291377
1.3093438776282906
1.1817812242332344
0.7455905439433965
0.8080710433230153
0.7440355752537338
0.5588185985050041
0.7545494979315209
0.7614201001039498
0.7366723780767029
0.7365707215280016
0.6736327676790528
0.2449496117650743
0.6942100611706099
0.6940249458504203
0.7062369093975445
0.7030886939350269
0.7885121978473767
0.7299071975102985
1.0437730467024473
0.9895581032471175
1.0830030618649924
0.998364572412155
0.4838192834033912
1.0378085683346692
1.0086858496550364
0.651587729326714
0.6696054113230374
0.6329500678851584
0.55922836224766