-0.061096840799832894
0.05345251933993064
-0.01569652413383365
-0.1830809342064645
-0.25591345879744065
0.1762812406143305
0.955810011600808
0.9413396411471959
0.9436789967868987
0.48579907606521155
0.4913437505373791
0.9478444052461807
0.9227063722725755
0.4866273886843936
1.1211073248768977
0.8854963103837046
1.1009266174272956
0.8642651519306581
0.8121969186800904
1.0840227648999956
1.1177739940941556
1.1279547091956013
1.0003970758770573
1.2780035401637053
1.04832500105073
1.3866053646937841
0.9116157683091209
0.812382661509857
0.9114827362824013
0.9114413206514631
1.1863231384285622
1.3296588721237665
0.516002366207118
1.0291407787824058
0.4596921683309537
1.2719656431773585
1.1684955918289754
0.8605502953354627
0.9446277912416069
0.8914789865287306
0.7323827227245715
0.8947734117187383
0.9040078424036796
0.8546567255479446
0.8546065247831363
0.7771228993334498
0.39572635382281307
0.7971002936856144
0.7969823218883269
0.8232649322993618
0.8524441268393649
0.9312266970782642
0.8587342826688033
1.1119996511230443
1.0677777974107319
1.1543389761553724
1.0812780380845721
0.681166647456488
1.1172130005475323
1.0968289800004927
0.7956407064490564
0.8636225821412079
0.8194145336392081
0.7347158032686426