-0.11417473693237946
0.07477905924615144
-0.25558338876891507
-0.49570870703674064
-0.5953559701455955
0.20495591746815012
1.9279145639460762
1.8676755287148517
1.8878091729474262
0.8160523374167911
0.8178601924590877
1.896119909560081
1.808190759974594
0.812056356538585
2.2709225846141554
1.7646779920650915
2.2094699458937983
1.7017795713185586
1.5961019413379685
2.192278066478488
2.2508736541722234
2.2797227786837007
1.980221250829423
2.5962850364551264
2.090697446415263
2.848348096592378
1.7982742263979608
1.5897609572342493
1.7717958330041348
1.7716778612068471
2.4002817978795385
2.708170618512716
0.885814457730579
2.065318449770675
0.771417582413972
2.581308893296142
2.3502761885526327
1.606140839278894
1.752699462074234
1.6355139342729919
1.291200693720103
1.6493229096502242
1.665427942507699
1.5913291036247172
1.5911772463111726
1.4507556670125374
0.6406759655879223
1.4913103548562592
1.491007267738782
1.529501214187364
1.5555328207744266
1.7197382674160988
1.5886414801791018
2.1557720703159147
2.0573365281674962
2.2373414105108576
2.079642610496797
1.164985930859914
2.1550215688822014
2.105514829655529
1.44722843577584
1.5332286209738224
1.4523646015244362
1.2939441655163026