-0.14724752475315453
-0.05493891064733254
0.017576367072818427
-0.5316527050098504
-0.6876282727832238
0.07694680545381569
1.5705685051779221
1.5032129637204317
1.535389473988957
0.9046554548598694
0.9647050480925481
1.4696225219282884
1.4518711938948172
0.9421337764581514
1.7058645845079712
1.4447242026266862
1.6749545974921103
1.4213848624283838
1.3488478320892077
1.6157105363989557
1.6956398558858983
1.7398660513368813
1.6432693531628708
1.9076356192474182
1.64187443957164
1.9393143883054462
1.4741642045725902
1.3195484839011289
1.4740462685433227
1.4740580625855033
1.7907090916243598
1.9353742815060528
0.925773746933399
1.608665514179271
0.8422205271069934
1.9056171268159745
1.7507662180715942
1.3622198493420594
1.6031927698730046
1.4849961001496563
1.3339269091440482
1.577342575672274
1.5310063680305948
1.325404460218532
1.3254570687375193
1.201837358484954
0.6818962791772071
1.1789389573318154
1.1788288921549415
1.3366975841072606
1.4834536766310822
1.6354414387209442
1.3708064849654928
1.6415186529462817
1.6242875115127495
1.6854255056445446
1.6455072329765985
1.2697510050627492
1.6636032149881832
1.6629389578408609
1.2574563878387877
1.334412551970203
1.34267479025155
1.3164824966639737