0.3429339745302499
0.20287384074230377
1.6311546253697518
1.8947337409487097
2.3460511666967294
2.0848126617785097
-0.29437728478162
0.47291002971516916
0.12094619258723964
1.1338783994435162
0.9337969762468632
0.23473877622280834
0.4947536374914169
1.5585266688875297
-0.04100147464532984
0.4720691668797831
0.47522553997359535
0.9805401633552636
1.1327112316634362
0.33573016480962525
0.5985123432215729
0.2713539590241365
0.42478632154971846
0.24599002260591507
0.7040155255569407
-0.35811343080753727
0.9108301263589113
1.3345371314296313
1.1731102971526621
1.1730663714842864
0.06025346795174131
-0.012719618776908484
2.2464591244330268
0.7642438931420401
1.9778348319844317
0.331149344990387
0.49075640159788836
1.5280046038962776
1.3308599254158886
1.747676875545192
1.7907491317404274
1.6793097090024223
2.0917466423883018
1.588088644275094
1.588088644275094
2.016922402451625
2.8929571237143454
1.879861764385722
1.8801315934965541
1.8990823821892437
2.199646911253939
1.7608796767099029
1.4507707272281753
1.2174752230325268
1.5146072747919999
1.0886851609294212
1.6266993074907323
2.3518681802953956
1.4172554416511278
1.689519289545668
2.4503683559502836
2.7344733092185485
3.0204356908310883
3.5920027735372444