0.26414785384280925
0.9859846032136155
1.9162668839852215
2.370689900349333
2.616016048599378
2.391292355096976
0.7440666827894951
1.2020363474244333
0.9956938854384252
2.149429204310925
2.0809062145838313
1.1492617869086252
1.1922019705289713
2.384897914697442
0.9105703398968044
1.3092422700136628
1.230314967207143
1.6175690992275502
1.7324859603509133
1.2351839908640276
1.3613061044223038
1.1916358081728486
1.4307410236969154
1.0307749862315587
1.4234153741759525
0.8084239848090503
1.7259887521074133
1.951090145469127
1.862084986447456
1.8620841681769285
1.1433329027439296
0.9556102702884717
2.930037885379092
1.45087230725257
2.800347653286184
1.1005797778189985
1.396783102267451
2.260577280036454
2.179679132209571
2.4560773701342478
2.496234645501111
2.3329584771600143
2.5956533865734936
2.497079728345604
2.497043679804021
2.6360222650693887
3.417798513652656
2.6413727623832206
2.6416083809272313
2.598203877848821
2.6870580022711503
2.3785987434484093
2.4758927559416826
2.0374809434674526
2.167005563859229
2.0399334039271575
2.2573355097989647
2.898463574047467
2.2047887465442155
2.3228422418056063
3.050277196606488
3.3780303713713478
3.4733761185917613
3.7401829638657333