-0.3212924248445818
1.0334523969613054
0.2509278953519782
2.914990239380017
2.566242388770179
0.1479165534960504
-2.2405875174602246
-3.4781079058639146
-2.86293894889019
0.032056953381623676
0.5754946650706608
-2.518867927001104
-3.3266252155576606
-0.7810266363061232
-3.235047097881214
-2.355664613157697
-3.897080978863721
-3.0240802663494697
-2.624996108860899
-2.882056655121816
-3.8890651717498588
-3.292390176507016
-2.1693909102935542
-4.5915922446277095
-3.5858795352568786
-2.9072894420645863
-2.255330854559457
-2.581427492618368
-2.915777763856032
-2.915580725851265
-2.6636519527819713
-3.9043513046165854
-0.41912493028130393
-3.612780870077167
0.3206900156661842
-4.591375753831661
-3.3123085849454883
-1.8828148243518958
-1.3978007627601303
-1.9427250445927333
-0.29611987885130797
-2.210011486637889
-2.602550091915171
-1.118885941017205
-1.1193892036858366
-1.4777900338911747
0.020300561785444024
-0.7614037848435897
-0.7624423131643728
-1.935240110557051
-2.810131509360357
-2.077251171552338
-0.5168112260475588
-2.3794786009414843
-3.0123558777145165
-1.8113389754413614
-3.015134490048705
-1.0859831047768045
-2.3941384792823954
-2.9865263292043784
-1.376491793106358
-0.8888685467711638
-1.6318034702326791
-1.5495702249434262