0.08157419836109342
0.3345160304209708
1.3572925457653586
1.4935841188096526
1.6909768085098973
1.837027902203826
1.311548985133679
1.7242722637034407
1.5373556779221196
1.9556234577782372
1.9222927993059153
1.6568236280760054
1.7058227371519596
2.2408394198795007
1.6346440466397008
1.7883626432320603
1.940075995393849
2.084428642216754
2.1534365763735126
1.8844189063543708
2.070716226125318
1.929341676926765
2.0397736669858944
1.9426716165217535
2.080755330526743
1.7347665729228372
2.244090469746019
2.363536520380707
2.351853908872549
2.351876692492681
1.9139324793854886
1.876330869107777
2.851281315999743
2.106314306343461
2.6394440238949963
2.0118518233742493
2.1372208081584527
2.6906572320717532
2.839045184527417
2.973584571410104
3.095328637382611
2.9960555689157347
3.2645864465020837
2.7867314833633365
2.7867254492332214
2.9679353281133083
3.1971113249625756
2.9434207761147646
2.943421725538368
2.957139597801635
3.251163579033607
3.1779884047348297
2.801036410261216
2.770519592519663
2.9005372998872136
2.791726374099946
3.023449822553684
3.3824074180951698
2.9561027010151784
3.1090194627751018
3.376237355695192
3.821185184134026
3.9380773437067527
4.267798712246867