0.2287592375978704
0.2776528999884552
1.3755712366008366
1.399025033911969
1.750695196551134
2.2897685792466596
1.6335372791644562
2.340585558430021
2.008755365534666
1.9499307368603072
1.751657168705951
2.130858685782889
2.302944397466011
2.3705830254261144
2.2299211099688256
2.2367471589448744
2.6846954858673935
2.6823197346738223
2.728813173001405
2.528008231288113
2.8493859973937963
2.551076737707837
2.4050075723791413
2.8422750590610413
2.7947129719722037
2.490234665784841
2.709104352756872
2.9242980886638805
2.944906130156797
2.9447442326911335
2.46053526583128
2.6954509997358076
3.132273582163606
2.829562342912715
2.749252414398404
2.9124582382865287
2.841032590150521
3.134145443175172
3.083559387490123
3.3831908098181835
3.0819498254605304
3.3286326186526467
3.757174584896001
3.1794177478998114
3.1792658905862665
3.4676780694641622
3.533633089302268
3.3711721192419812
3.371138861235336
3.428583596376608
3.755179732028366
3.4806179441260015
3.039412207407277
3.3732472933484416
3.571943802959496
3.326026571440279
3.706341917987529
3.5168541111553098
3.5722770105333295
3.795034119201197
3.897596791726124
4.267701930192371
4.472800292355524
4.8859469390535475