-0.14864861241098323
0.0530801595595844
0.08769819343677782
-0.3920621730171745
-0.5797107662536274
0.18252117371615886
1.7413619418840849
1.6458539370285863
1.6885567651712459
1.0727147822122671
1.140625682180658
1.6345250952956731
1.6031969409290887
1.0886125894501875
1.8642891890619273
1.5848288839498266
1.815711305173786
1.5448616900091496
1.4731263150555052
1.7721688410018335
1.8369817714532142
1.8917422666998984
1.8200423134059294
2.0615293456167625
1.7681697815618336
2.161604793011468
1.6167273648127192
1.4383458553487471
1.6035636499858323
1.603579903738379
1.9758285383273035
2.1201278192268687
1.0436593833858627
1.73053308659081
0.9907929623674816
2.055939014804055
1.9233327941086915
1.4714953762934497
1.6914972806170958
1.5699699332213588
1.3816467320673709
1.6352981651106286
1.557903699984402
1.4817769974421846
1.4818239935156765
1.30232866838783
0.8032895679405828
1.3131516043833258
1.3130745970377256
1.4521589929969847
1.5316218821178607
1.6639299717662714
1.5375215807912777
1.7719545565272676
1.7244712959229138
1.842536199306402
1.7338261224746272
1.3206356937871133
1.7849878598073514
1.7473516097405868
1.364010916621213
1.4366668612769469
1.4027522775392403
1.3146434945570318