0.627796326221918
0.016240353412417842
1.5667542429090946
-0.19704699530587202
0.4069881787883793
1.974740205198835
1.367335555768857
2.9178737738137452
2.1713836227500916
1.1154429021283023
0.5553744100010338
2.013158900072067
2.790679582108204
2.031500780492884
2.235603204637789
2.0422825757071323
3.136592316290602
2.9333200967099815
2.714291055597336
2.2455528958179967
3.2363896840822504
2.536808958094035
1.8915015352082383
3.3734244738038757
3.058993277401054
1.5756229892621534
2.312544474827869
2.8889456402014235
3.028810951100778
3.0286018975448608
1.8810247090099508
2.6576963235484428
2.1529617430232513
3.1272896640252927
1.4459641031597044
3.442241103499042
2.712277663562931
2.518039791355907
2.071829017075583
2.882812820471833
1.5698445543012252
2.9821536512078812
3.55379252667622
2.0867060883990862
2.0871329561715544
2.5749714809758517
2.3327226377262384
1.9401156012968408
1.9414790835601512
2.9162856895603495
3.891656685818157
2.8495564754369838
1.521672733101722
2.531577389559188
3.242910374370518
1.9910782241961054
3.312530177399698
2.7041828078097963
2.689048746849686
3.330670632895438
2.845025058221671
2.770421172034449
3.5394909481352697
3.783625950210202