0.6642263993748316
-0.8305785562190017
1.3802267300177735
-1.0202564984313074
-0.22019122207344943
1.936896108282459
1.9462102326786046
3.9510179355790838
2.98388514147743
1.1018214460618925
0.3583023111762023
2.7536067032239124
3.8213788530490773
2.339553305193653
3.1940456232358843
2.8277337800374798
4.372306518837316
4.004620429704733
3.757707340524335
3.2177868199314412
4.487577514971432
3.5637441355311523
2.5941772318432728
4.837582267233625
4.289895060813819
2.549176011257049
3.166160980918368
3.9159646240479993
4.088888061008694
4.088647097335552
2.7239054207337126
3.891631685839677
2.665584054714331
4.377024763219207
1.6571448163182476
4.922525098822049
3.8030649865433768
3.4108194282481734
2.728660688176019
3.690401920137925
2.0868690105917356
3.889321195640311
4.694296734303473
2.706974585292299
2.7074778479609307
3.4947124363427995
2.8726565619289013
2.6412655492293116
2.642573906660927
3.8343224927462947
5.009778420614296
3.838130848262241
1.9675819532757342
3.5969538239740113
4.526963152506516
2.9000241363707824
4.641833797539437
3.4378512850722003
3.811393920933523
4.676045618750047
3.8268601490566416
3.6233418559897124
4.6522391610637674
5.141572998480671