0.368565361178669
-0.031176785881160643
1.7408727843800211
-0.8975601082550702
-0.559568115376401
2.3594684637755066
4.8439575428507595
6.415022943986965
5.648822505547762
3.3234216424604615
2.7833256243845246
5.421660541442005
6.233729484566324
4.371606930391508
6.1544474807216165
5.375756732440786
7.072681815756095
6.296689300847575
5.948853103023781
6.036615527712551
7.207626783407951
6.502523103562085
5.516057019787468
7.830795817109778
6.919077210022683
6.067084430102857
5.712644598402317
6.074637310868171
6.4921748634878425
6.49202660619761
5.920699249066229
7.13302756086726
4.5553984143807
6.928142080721164
3.615993999538812
7.893365783034231
6.75235970707039
5.837274647992111
5.4211565558805175
6.066660501587863
4.389069567632015
6.306516077337728
6.911802631628429
5.249853389396901
5.250343724736618
5.624969340440043
4.328373151351729
4.926552764541027
4.927535019061632
6.141722841863354
7.11346065189499
6.312955062746728
4.694371776917816
6.402385200769261
7.111960339916259
5.91344104678792
7.230986485033571
5.447482796403298
6.602615198159927
7.293493906458028
5.9890629178919355
5.86025822792057
6.656082773962538
6.7512515069888615