0.6101374617241899
-0.06386512369723367
1.5257637440316558
-0.2637514416298714
0.34742468019267747
2.0015656728753197
1.9197354775838642
3.5261563825390323
2.749100332424686
1.3855943281946792
0.7966152840181697
2.5926887346170755
3.396426380147486
2.347956391759829
2.9223965408110084
2.594879992978571
3.852319999053325
3.5143857420705578
3.267682667791471
2.9200841298068942
3.9559506652365264
3.2270924798510445
2.461155908553796
4.198119165301058
3.746876490379592
2.3875682559011975
2.8736089501309205
3.439504336018267
3.619551794255519
3.6193467881371553
2.5722737157249322
3.4745637444302884
2.4954693580755225
3.8111818013630776
1.7277288222975216
4.266020943160716
3.429696782655002
3.0544903070785883
2.481288948496119
3.2995507031460503
1.8902733571838688
3.401613262476097
4.019845435624539
2.578530209429536
2.5789612482576705
3.082299643859749
2.633292905351008
2.4309015039948068
2.4321970652508615
3.4347779007515724
4.330377147054195
3.29216827405559
1.9844863115724583
3.1874415143356427
3.9071060452344644
2.6429209012468275
3.9859230632372786
3.0386754151884285
3.350890495060978
4.011980648720324
3.3541517632745936
3.228305389944007
4.005114193758307
4.190535547860937