0.5515152356166584
-0.7520165260999191
1.0186664569766026
-1.0293439475531898
-0.29555481400665423
1.5065901749916168
1.8107745607098187
3.556526232538769
2.711737861641064
0.8508517221843466
0.20617245205459653
2.541166459781436
3.4292510117805315
1.9332534667354366
3.0054019554589875
2.5591983724399308
4.021445669083784
3.563647218557074
3.305306370178906
2.9943067204743534
4.122799626421963
3.3299895867338827
2.389122263873519
4.472734515532701
3.8984650842217885
2.4804512219759554
2.8826939594927565
3.506618157650328
3.6640680227427485
3.663877514605567
2.601755893840157
3.6605543544974934
2.2267468628951845
3.988562089829818
1.3279610458613302
4.547288562401856
3.5261965989952495
3.1019766801301993
2.545348666670452
3.3463396827814784
2.009801784166548
3.5707688904429946
4.309232838432853
2.423840426938357
2.4242906594033813
3.143396693616653
2.3735211952365485
2.3916729565750288
2.3927894416650153
3.4402207153617015
4.529673206276104
3.5913096045208963
1.7803260555174971
3.3780436369338793
4.188421881678816
2.760529150234905
4.304758190127762
3.1477548290848607
3.565253320490222
4.348194182238894
3.3887182321803366
3.2733868696282427
4.167128536400191
4.5027254426332615