-0.31378583042832525
-0.030092312566182142
0.15285194315553527
0.5288949034050726
0.4382912572473469
0.3928792356449815
0.2838211338543219
0.3149886263209167
0.24417587553521766
0.9239079715039468
0.7763592220815924
1.3482334864252294
0.7995989451368051
0.3846507159621399
-0.24562793077411982
0.9544704474899851
-0.05705614986522606
0.034281662397834624
-0.005234522224652476
0.00020642742735581013
-0.11027425485207011
0.11008378373734272
0.6768027501932747
0.4847187763142793
0.40160863408582276
0.6751211067764782
0.8060290475210773
0.12993051428428598
0.23094965197036335
0.33933960228996857
0.20932363061670733
0.17590538874292427
0.5497831479639783
0.6521056267718397
1.02674239896637
1.0832112676548111
0.25140231767104315
-0.07253608217237549
0.17127682112486206
0.1465921700836932
-0.051969240480273536
-0.29388310783129173
-0.12268813152273633
-0.2927073268533868
0.06134462047925203
0.020053476748513117
-0.21112954038004306
-0.1742858047671572
0.1597555328779108
0.9930517903326613
0.6384210325743185
0.8995434294040932
0.09057192492262178
-0.3498045666722227
-0.09708824084523027
-0.10727104680846604
0.195618041204374
0.5136637560488623
0.5519312543771742
0.6964946358530767
0.3572276100635614
0.2397204641601086
0.7035548469418033
0.21989958449724303
0.5622797567503227
0.19642462818789003
0.5428842815062845
0.2937754930790342
-0.13479315865499186
-0.6291516339193531
-0.48399488379586475
-0.19979412046397974
0.028999670330072447
0.1471595272044063
-0.09704710131897415
-0.34034447915686183
-0.36274323209812676
-0.0534538471502207
-0.25214172599078444
-0.21379318040982362