-0.9594659193204754
-0.34484791132840836
0.15179444710215853
0.6449602180827827
0.6233633752962863
0.3715169728745063
0.25043966278476526
-0.1427674415851695
0.5377510274017303
2.151994610857007
1.9203674499921448
3.311848793008288
2.1205260436963718
0.898749102702706
-0.7627604272663424
2.499936656363984
-0.2130378609577001
0.16907291342416358
-0.04440196087879105
0.24803395679467227
-0.3764281413055846
0.034077350932444336
1.2632026422269071
0.9313038556536669
0.757327180294263
1.4203518505431223
1.6933327975358479
-0.3204022159273946
0.7874477596556928
0.8957605463798602
0.5723759707867591
0.34941301451203305
1.3935038941792275
1.5632574195323634
2.526243475466505
2.209497115175069
0.5852144536836361
-0.23232004688100769
0.5244995723054541
0.5313851581511703
-0.04325916933352875
-0.7121203423956485
-0.3085958707948619
-0.7841750563367602
0.09999855488339246
0.037359380926348704
-0.46427075732227574
-0.5046821169623736
0.3660821357931261
2.223361470781217
1.6697906619354335
2.179874703730394
0.15843751493554137
-0.9206177474904774
-0.19342416612668212
-0.33692661969891735
0.42513159173903825
1.2773865131510576
1.3460888934374589
1.7143076126860033
0.7697204696313649
0.5773948405660311
1.5413079044503226
0.6724415788317252
1.609185108410192
0.42709113215730155
1.4218520338832186
0.8021097225833673
-0.45369124107011904
-1.7596520308001966
-1.5654864646391569
-0.5550854311806566
0.037353196191557886
0.21827946274479107
-0.20799992304541115
-0.912944862422905
-0.8377239234945979
-0.014749416424781085
-0.6602007548646475
-0.5822602999451905