-0.9024465986184201
-0.9127176750964932
-0.14969742561447988
0.004068771987023238
0.8152503801990106
0.4155506358423138
0.358843851924264
-0.3211518626932533
0.46711058634934005
1.0827740208756607
1.1511185970934408
1.5738291170153826
1.418235611575146
0.1704943474519911
-0.8291145764176334
1.154046556700427
-0.04151226743223055
-0.17277471719305001
0.08553833816185646
0.12417661180926708
-0.6338210511545374
-0.02815572644764184
0.16675564549349348
-0.007565255255418702
0.5676238126509572
1.1374501838575046
1.0903367660927012
-0.8551524581003276
1.0041295027399235
0.3625888289783235
0.7695538790207428
-0.13659377098255998
1.2629872363929018
1.3792007518857454
1.1793364469875072
1.5880836241802943
0.4870854706631963
0.07934356378552275
0.4052469288671031
0.4223503294344477
0.016439495452830917
-0.5760186355446424
-0.1298856937861726
-0.6516787182129881
-0.04498114027989605
0.010960081975008338
-0.3799570385799533
-0.6529864481359667
0.30867446260223214
1.7252446638050742
0.9523976146135128
1.5977874320161123
0.5742804340634168
-0.46424788773655934
-0.4040734859899286
-0.31281979075560473
0.16126117178616914
0.219431307998135
0.3296408120209238
0.7478608735315007
0.4819085167931694
0.39260261123310525
0.9629774257951175
0.4461994577718296
0.7913284607527767
0.007860184748567966
0.4905756788359254
0.5253472385746657
-0.15410630778301826
-2.0103147267983696
-1.916224688352876
-1.0436400146757279
-0.018195267201796938
0.5159672256717069
-0.4254640318712357
-0.4897172457578792
-0.37477004455704127
-0.0746698725826644
-0.25301812968759196
-0.6300271283547191