-1.5499392005565003
-1.458615224251563
-0.8796711391381731
-0.8892274822273817
1.002265171837152
0.30968538050343475
0.6114854758758451
-1.0388552542807556
0.5917628504050806
0.6344429131285357
0.9985452951654793
1.3639597996925454
1.845617312661638
-0.27200468644460263
-1.108548976052557
0.8094860773807845
-0.27215968130592816
-0.16125426918106503
-0.19254440588087682
0.17615511119274982
-0.9335378147877296
-0.5155649920438367
-0.5182137098967178
-0.6900521828261833
0.3643264029498675
0.9620091785439027
0.6411779732359366
-1.6900005893678502
1.6945983519138668
0.6310066707779034
1.3091537422316932
-0.11386725724803681
1.3687771905847599
1.294239095009661
0.6108077655512625
1.1394481742966076
0.6052028501610183
0.21753811165565357
0.7491209127280142
0.8370086466824583
0.06557976909644714
-0.7921806187351914
-0.15414772341406097
-0.89233553707815
-0.04281058471186643
-0.000341992710350911
-0.5025058905905663
-0.882823747167765
0.021558718443368253
1.4336761118084254
0.8162870259921423
1.3199280813767607
0.4908323302458826
-0.7630102093291631
-0.37112044895605156
-0.44354132727581475
0.06516937784424899
0.12947655755305895
0.24381319195207704
0.6236045680082078
0.5484176275480273
0.49836307247557166
1.0026818381850513
0.9061991057871608
0.6234934988160941
-0.43677175414240554
0.014883271744083703
0.010522080302115046
-0.3932420434747744
-2.483879876481921
-2.601627652848906
-1.4809740173839456
-0.04931848635870176
0.3580180493431813
-0.3921344891014175
-0.8176349165270792
-0.3059404034493753
0.1793792553121093
-0.32924924605548095
-0.8670927100079231