-2.452386426684428
-2.3713328993479865
-1.0293685647527575
-0.8851587102403236
1.8175155520362323
0.7252360163456789
0.9703287002904275
-1.3600077444835512
1.0588734367542116
1.7172169340041268
2.149664519768462
2.9377895442174706
3.2638529242368537
-0.10151096650201445
-1.9376635524703996
1.9635332615909629
-0.31367194873801935
-0.33402961388365726
-0.10700669522842328
0.3003317230020169
-1.5673576109231824
-0.5437200909820756
-0.35145806440301536
-0.6976168105719901
0.9319502156011034
2.099459989911298
1.7315141118191655
-2.5451536749776507
2.6987278546537903
0.9935954997561572
2.0787069937427542
-0.25046102823066646
2.6317637994678407
2.6734404744048788
1.7901448400482423
2.7275311709673593
1.092289575843508
0.296881675441037
1.1543684691047291
1.2593596036265877
0.08201863703987514
-1.3681992542798338
-0.28403341720009423
-1.5440142552912077
-0.08779235250151374
0.010618089264657427
-0.8824635566803405
-1.5358108228134133
0.3302338085552123
3.1589207756135
1.7686852681151974
2.9177155133930124
1.0651133918187718
-1.2272580970658618
-0.7751939349462588
-0.7563604905217378
0.22643054963034848
0.34890723804151236
0.5734540039729312
1.3714654415395693
1.030326771850739
0.8909663112182192
1.9656592639800294
1.3523991910685327
1.4148225870782738
-0.4289109418844347
0.5054595780894817
0.5358693188766415
-0.5473489787674046
-4.494194603280151
-4.517852341201782
-2.524614659569216
-0.06751312605095644
0.8739852750150973
-0.8175985209726532
-1.307352789794431
-0.6807110755158892
0.10470875521990264
-0.5822680032526848
-1.4971210933819357