-0.8014440566771055
-0.7057188036193949
0.5186145228428127
0.8785984498234937
0.5867619531269872
0.12320948968253566
0.15491940957032202
0.026926365565633464
0.5683711784195856
2.516023253618158
2.076944439243285
3.396229298848234
2.525650184630055
1.042031267789217
-0.6872181657929077
3.053769772991171
0.12424734280459263
-0.21430547670437614
0.19247100922538865
0.3271528269769949
-0.6557435368897001
-0.009824169816952716
1.275447486020336
1.0781812721309558
0.8599980988453364
1.5993025839691817
1.946855717248739
-0.16125649370236061
0.6158070149887805
0.6200154178929963
0.4279231684181863
-0.09740912350634286
1.642712576480526
2.200134659989728
2.8163804397031456
2.9025657803817375
0.6105856039490678
-0.3579985149706343
0.35085437196857605
0.3721776814553913
-0.1866587841294972
-0.8199432644095216
-0.44681636806805164
-0.757794907094965
0.05792708983656713
0.041149091254323256
-0.44612458019372697
-0.5632289615961918
0.4023064491894126
3.0315260839375675
1.7200908242499304
2.732679644061027
0.3744928440913831
-0.7083809853171718
-0.6413591352458499
-0.09528306652354984
0.4308331304234005
0.9062481023610449
1.0339612689441544
1.7911529881220736
0.9415279781012595
0.5891654007106
1.8498639534882775
0.5180571199058474
1.6106926612225578
-0.09298236233546735
1.3457923782271999
1.2559988487934426
-0.43541003329687594
-2.152825459242865
-2.0449904921831057
-1.0303329032472126
0.07607959979195221
0.5112912346461209
-0.6260386054280417
-0.6536935779914139
-1.0219867054411917
-0.23986182135598572
-0.5537823743214514
-0.5150407040414364