3.5483971342209224
4.94185113824929
4.34065932922113
5.871832856376706
0.18242957925350062
2.1914265360244256
2.132434362290094
7.847854185685239
-0.6019134450595753
2.289443529291511
2.7083187107695643
3.250173215852635
-3.158349741933533
1.9480846037578785
4.635362918983113
0.9473135321551123
0.6530491990768855
1.0984868602561297
1.2523584794654687
1.883934301414846
1.6517808645612961
3.830588183311051
3.932696538944664
4.380537561719086
0.7074103522943652
-0.0801392459171464
1.5613190863975106
7.233923932578436
-1.443704969577586
1.4676695597083629
0.736809175173913
3.964981905807192
0.6192703594895839
0.8743718208936823
5.3752092404111975
5.065796826594243
-0.7180968400891657
0.569144895809245
-0.185698904086376
-0.2438941406893674
0.30633134193007755
2.7571452296290264
2.119733568779249
3.3055195590047743
0.21158994852510582
0.18914393159275414
1.2566569199370492
1.8985740994347995
1.8471559661055013
-0.1942330340950973
0.762078985154805
0.35332553284757634
0.5358115880062783
3.2286245375181917
2.5299177428768123
2.49942705335278
1.2546175138900333
2.2953107436948006
3.1519052187051115
4.262151608170132
2.0749544865822696
2.3483102010856243
1.5621913246644468
2.9641606334711414
-0.2743409045806936
3.4565548350357567
2.549728219635282
3.490446626362121
2.138941636381615
6.394523219454446
6.890814255339013
5.98112619635787
0.11881893520347214
0.6431157227807197
2.413602570806425
3.329044892451794
1.6697088127158586
0.5820590425257203
2.075745148613032
2.7071389927883285