2.168798132766265
3.9894096600836217
4.444163281772256
5.479071045334667
0.5457469825997179
2.8325210737055175
2.34544130836282
8.005415352771715
-0.05931360673848459
2.2767118974784504
3.078552883422982
4.379527135203778
-1.6948079865639443
0.7059221205032292
3.3023173012112497
1.6029207883958436
1.0505927465291787
1.3567825762670003
1.3300813918776961
2.921067693297557
0.9433630996475736
2.36027337023879
3.321024390895554
3.712115171573474
0.5181793719613017
-0.1345752333758164
1.2017200932383256
7.366877191166028
-0.41380018159546156
1.6655654555945467
1.5571095891556013
3.9044224974480333
1.7197226813430588
1.4842335555322705
6.647895299700411
6.350635686572582
-0.8732806213207855
-0.05293865114874394
0.15189356789149877
-0.2249863319892859
0.31267753436469053
2.4962903162831673
1.6635716870277397
2.6893913281486146
-0.005375185409055254
0.17243780105127407
1.1625052738508976
1.758032943801007
0.4342831397168278
-0.05963299400946966
0.5468648570410741
0.4230996825185348
-0.17599558947031224
2.41579305230946
1.641815047695484
2.581268408904077
0.7210826228209202
2.7248102713425957
3.579187258093534
5.085204112795327
2.2440308858181472
2.4058898558169077
1.9029461969503507
2.3325365779999028
0.42932989295016016
3.296914140178318
3.1772035063119963
4.208826656490199
0.5680094574092422
4.951038442330318
6.0114001227720975
4.796116781824664
0.1509764174942453
-0.12899457559214725
1.5994954069744962
2.5155613859001735
1.057194452707712
1.0496842958994916
1.581083918178985
2.0628178486354782