2.3446405251961417
0.6115519918871846
0.8208352153107248
-3.2916465776547894
-4.051876919675685
-3.2790192027796863
-1.135220014864499
-0.910436050358295
-1.6207938150256387
-5.236641324306508
-2.8448861263473786
-6.231045056369807
-6.036112349148822
-2.9909308187892267
3.9436867414183863
-5.726296446644715
1.6769370953269536
0.3396834750169432
1.215009110449405
3.582637820864763
0.24627491192068096
-0.209374212319498
-4.937671297078757
-1.7772401059653564
-3.254394472626344
-5.871257430104933
-6.170243145119798
1.628307614481176
-0.345469740655772
-1.1266501168056688
0.7855861207807213
0.5625328275790924
-1.6780339820483332
-2.494509260932133
-2.122229801779156
-3.7436235159046163
-2.4759305853791194
0.40976437017387624
-0.7923469087599173
-0.4004427156757638
0.6790029945213947
3.5534812166731227
1.9801779526746999
3.6701063784249177
-0.9391421026797873
-0.052530080272446655
2.4407498893856685
1.7710403114811253
-1.322842863273885
-6.547087736233559
-3.7889805344474867
-5.232169063696949
-0.5898596139028867
3.8645646884595477
1.083249673139133
2.8412177054726615
-0.9516577808305923
-2.296680597005962
-1.9210803573523176
-0.7267119188043843
-0.6919817747167509
0.3651183199967886
-3.913960986073386
1.0677683847630348
-3.7365634059408555
-1.5757561988507127
-2.407815050184042
1.2188927671366163
0.8294615891766643
5.573664786312603
4.900728554219878
3.0970790808986393
-0.18625173999428507
-1.192725618441889
1.079593802412067
3.7984333385102245
3.3823292391930533
1.4155818735986225
2.854141892351845
2.731670224016183