2.0982951922317894
3.3609337956042413
4.1245410106582465
5.610800409275769
0.850883299691938
2.058048392594739
2.039356378162282
7.1160002746787585
-0.09358497107267821
3.560410971683405
4.198463336720992
5.616688828479796
-0.27888525223070104
2.0294137150992024
3.234429782876335
3.26422634261798
0.8013601812190173
1.0684707229527306
1.3746561186863995
2.414096188025592
0.4306114136897951
3.194969458451679
3.977246767153339
4.076061050213672
1.1196860985672779
0.9622965195575047
2.5989996427859086
5.878455638068598
-0.17891437801798063
1.891976388020132
1.4963070955193778
3.4585373749043806
2.052754430779457
2.636982767597419
6.850981379871175
6.956936807110331
-0.18514291116947215
0.40500904750944233
0.3610535785303301
0.2370170714019863
0.259015910013883
1.8373606698862597
1.6024847025269615
2.318733115917857
0.02881161260817212
0.19235580475775113
0.8174945689785064
1.0491892379496894
1.8483784444651932
2.075684924036526
1.930308804099657
2.5025843074446725
1.0952674431715814
2.5776059750506914
2.1146473502930245
2.1584658973257893
1.4090440272535778
2.70427916757245
3.7329233132794672
5.331471491500458
2.696244120364584
2.8311287830633605
2.9442942944604837
3.286198518326681
1.3507378431590544
3.359087840100855
3.4470136713543176
4.448588890202011
1.3064320180018096
3.2912294682821224
4.025593667256488
4.039669923397448
0.11841297605127284
1.1049300205207437
1.999093289590708
2.6531282378493644
0.9961669837279539
0.6172083730570485
1.6891492540427202
1.796449859692013