1.0960107075364947
2.570518238901304
3.3112907644683722
4.986674146136382
1.999945131289733
2.9166625523701044
3.102763062580521
6.487846441201687
0.4569599916946363
4.0066604632956375
4.857983230538027
6.187962760070105
0.10550318230332073
1.8465736372558639
2.697699366512714
2.910846793746075
0.3393772503388662
0.7644572463724725
1.1453517842370455
2.184266024416863
0.08442325363811369
3.2868680923289753
3.5812384745416486
3.6829207511470954
1.6393605678954686
2.019320743994151
3.292833198216676
4.688770257600785
1.2550228850762042
2.46126505946452
2.8155161689166674
3.714520877576525
3.2510341589574248
3.547812295298561
7.16535408045944
7.793327997561603
0.37419273575434236
0.866026571250282
0.9686695650183532
1.0154654629372202
0.3883499789699527
1.3889459753491926
1.835700151579155
1.7615053037135664
0.1237975960235921
0.19976202085741157
0.3741933632567089
0.36276327662138597
2.1773897746607136
2.9646877415184023
2.5307642532700023
3.2710410462405886
1.6009249798250502
2.0013664404523297
1.7547238079305532
1.743066562831042
1.4810480635203818
2.644217981736313
3.7253592226780428
5.633617049709701
3.105281258433008
3.239276512303843
3.527850588644476
4.316559824539675
1.14048168249758
3.027643893151322
3.0551877977247637
4.026315945238763
1.5915926576142105
1.900328616174295
2.3729619141372313
3.4565115367886543
0.0513058091525157
1.517100997795817
1.5960040498337715
2.0216921026573633
0.9889977371999694
0.6867677977456229
1.4934771453603473
1.2100178994063928