-0.9513012060650886
-0.7905639112624543
0.5271632612814302
0.7974808625457702
0.6323593216002547
0.28629656807907405
0.14107329880502614
-0.1333539535572538
0.5275010308520929
2.3525765570233514
2.0091853043441357
3.418759434720652
2.5432290015006216
0.9192111954793383
-0.7093456978068541
2.973974616303241
0.17056999435707304
-0.12236702546814616
0.19152083299447312
0.41532064668604207
-0.6489073442040542
-0.1833567679561252
1.2341250552901415
1.0140126107647336
0.8523328499416183
1.6033429849940621
1.8670418281454344
-0.04656320796998984
0.7661474163914365
0.6454036508508099
0.5433159039166859
-0.10228402878702164
1.6325070816540912
2.1211971394429154
2.8961171683485607
2.9192591254145963
0.6256535053209573
-0.4077253851783414
0.4135840202536637
0.35433619724080356
-0.14528834703547477
-0.8072126064800647
-0.4604383255162577
-0.8386100510795714
0.018332127664087636
0.03530731736087988
-0.47337904854584484
-0.5842096860039169
0.35552823259895994
2.9325234664196387
1.7181376223057554
2.713230865017184
0.2569285772475466
-0.8721590402176608
-0.7206437796489428
-0.141033931365301
0.3229389427765977
0.9741862600898963
1.0775033760631936
1.8067383583501353
0.8930536389383952
0.5556314674096821
1.7206556399569939
0.33127289849793407
1.5882056597296752
-0.1306281894527865
1.3259595620780569
1.1856640996507752
-0.5563244732802192
-2.2591048006100776
-1.9582295871853634
-1.0384741658425087
0.0777427661901765
0.3782664544068052
-0.7009668061255521
-0.825244255583686
-1.109225398727862
-0.202543011432965
-0.6962486734410965
-0.6300441495516187