0.7836235268905984
3.722705579524846
3.471533619359373
8.125757404906674
3.974260526979116
5.740023303610697
3.2302216604425538
9.058618844715179
1.0237291808854239
5.361358610927952
4.003071559778216
7.298723398565297
2.2207783188885064
2.7981038365897497
0.12139098705920608
4.829280578676575
-0.4133064878400746
0.8480261878258935
0.1594742423070823
-0.909604084361878
1.0735163290324772
2.5355702316258437
6.995493045747404
4.558051421885163
3.0152466642933824
4.316330346185994
5.678630440822276
6.058971792612246
-0.8557782005953823
1.8964550260203552
0.19914749758812095
2.9924766553569078
2.0042527692121648
2.4154853969320405
6.243881626013063
7.88476208730213
1.017435510374698
-0.2303829744416125
0.419740904345962
-0.3559287744646924
-0.3230662908231754
-0.3450705579943069
-0.00801039485209828
-0.19653999393954277
0.8337683623873395
0.187608500397372
-0.8139738582124951
0.49167474928225524
1.3910438671975867
4.2640932714428725
2.6660547295531276
3.4753940424850893
0.2554265094970331
-0.5281538886596101
0.7519895406830333
0.07697732313033276
1.2476088119124742
3.7441043551975
4.1541787220083926
4.097608418913707
2.1662921909035333
1.4633766952540879
4.275599278573414
0.5923266144051428
2.5567081904808235
4.445579206871729
4.16316652261282
2.1878241667702163
0.19223910930269697
1.1370256868179105
2.6761580331913755
2.2541231321066815
0.2998749612969725
0.8454515801049508
0.7279015276078403
-0.36992709018714615
-1.4874108629907434
-0.35114816127434995
-0.6128572193082125
-0.08659207543551418