1.2037566090247807
4.330299146362106
3.519824113910405
9.163479434031496
4.234306498929185
5.470445738804112
3.2676543771545927
8.758290236043534
1.0188803699660633
7.526084853598019
5.553204837116943
9.481218272222442
2.8777626072152893
4.939015422547105
0.6916761775647274
6.673609978799827
-1.023887896250068
0.7588033852391867
0.03734936901606392
-1.6987035194499167
1.405505952640615
4.039962395630549
8.870367836023421
6.157777667684442
3.961804824920709
5.791118184187786
7.731562231517309
5.60561631809726
-1.098235228921814
2.5943196765140315
-0.048776945606808356
3.402449078228099
2.297304341537917
3.3688810818258155
7.497439042190353
8.809420342498859
1.7578337452899537
0.15938052563536878
0.6066480046735413
0.1565485749863964
-0.3726716525913171
-0.7963359870440964
0.13955561610454933
-0.36458681942014354
1.150732051204893
0.2416740118652008
-1.1840929694486193
0.12753378795367418
3.169998829379386
6.352854702138462
4.551059519602291
5.585494596544525
1.125671201909165
-0.6359401509413563
1.446668069737679
-0.3417906521198816
2.2062752947206254
4.591991340700763
5.072985576057429
4.988863526974517
2.7669362612990205
1.9831918810888356
5.476152310737833
1.8963922487081066
3.462222501360162
5.03231103388647
4.957543269819324
2.2715538592255053
1.3094800472049508
0.8208584331418428
1.9900857011191349
2.884047115459231
0.3050706751977572
1.8358413412226087
1.3340087683943578
-0.46938844605843033
-1.7126204264771947
-0.8335228310729023
-0.778396743738813
-0.024531231227854573