-0.9627336308010025
2.4887709966095786
4.029334817165149
9.325094513050411
5.098114979521457
6.028527572057115
3.2363232069702086
8.410476797992807
1.9076491916456526
9.748766888409909
7.839176440706741
13.741801253928688
6.8506825083336205
4.72021367731846
-1.3516457415936594
10.423067277937083
-0.5104048723734442
0.9305931383282346
0.350618925987897
-0.2537079904748266
-0.06678363489585294
2.457066615124191
9.218443014587754
6.219494611548908
4.510602944764909
7.168017375956403
9.16104206704449
5.116534190456996
0.5738429620056542
3.3668675617769974
1.0507215133987318
3.028646318943043
4.852068551324412
6.061494766958509
11.255549529992917
12.520765227914316
2.22338076983125
-0.7804093639414114
1.3181190428523948
0.5539288582641698
-0.5027966791444285
-1.8210460933804198
-0.8158592075387104
-1.8131831526107092
0.932282317504561
0.25487349473188575
-1.6780265015139966
-0.6564347248633867
2.2907042901118166
9.300485953813636
6.096678846463278
8.381329136431228
0.9765352272906741
-2.0470634568400103
0.2211287652807463
-0.520473737659969
2.111321254050812
5.789532860348003
6.422629798724992
7.3557329596011
3.7104708047593444
2.5934279703719523
7.391970611351785
1.7397318107316095
5.988748185448404
4.924017161555742
6.95734808999578
4.320787900498346
-0.5723054073297839
-2.961437404507736
-1.1031564262066054
0.6955877672010933
0.3636059203203004
1.657477895254561
0.16332808599758314
-1.860521628561156
-3.2280367957703073
-0.6088972750463149
-1.765225437677417
-1.2952118565627386