0.4561014362628053
3.514564629356177
3.1397808724602387
8.066766506269197
4.342480763547184
5.79514086434039
3.2428397732735554
8.56859915692001
1.0089186895857614
5.7882114827167195
4.49792815651866
8.081626286573426
2.778640427794395
3.202320389119207
-0.07343353692950819
5.403987089222365
-0.5427807317600669
0.9995709112299231
0.13511066218074563
-0.9283397803581834
1.0066002042886038
2.7956108678748914
7.378571240954671
4.787032684303014
3.332726762727372
4.857299528128674
6.24744679460252
5.5272272509488385
-0.4956254722839962
2.2048690489374096
0.355755729288544
3.0183189473315757
2.1528448204207526
2.7317715919200074
6.524185295193994
8.128659323504941
1.3024974032030177
-0.09934560733542415
0.6489614844813053
-0.11286872324777139
-0.2608020663707111
-0.6304326087153149
-0.07118014382471505
-0.5118396409726526
0.8494263574434021
0.19202265678479077
-1.0348236289766832
0.19104517447617791
1.8661759314667263
4.961476112568091
3.3299018602681443
4.316324585015733
0.6230871575094822
-0.7204620742114698
1.038384360440603
-0.16372455531618074
1.4190575932460774
4.050328895600244
4.478584064272465
4.346166039342339
2.272819418631153
1.598358596872145
4.535391859665369
0.8427477424425693
3.073282251161613
4.6568954238149285
4.473003326828405
2.095306086841656
0.3469639331835069
0.4165357913393947
2.0524811277669976
2.1508271519175386
0.27561372422406266
1.1688492072748733
0.9836975956812879
-0.5939920680800825
-1.6114430973900324
-0.38937220330579103
-0.8300170763486322
-0.3579210564403842