0.7049558731007362
3.539945714979511
2.7765425340660914
8.104966124384788
4.2704008977673675
5.050771027295351
3.033503094221755
8.159790278594308
0.9997078131008675
6.4444757389665615
5.034164158724235
8.428974450128951
3.2139980954175
4.101133338409091
0.00008873926480296404
6.016548172959454
-1.0461469084650092
0.8511542734039336
-0.03187382475747844
-1.583862279525213
0.8332438459731683
3.587700438727302
7.680793008941955
4.839288545414295
3.5217477212520034
5.230210964668375
6.902200959760272
4.296711231557412
-0.5995920537536451
2.373222853974991
0.16740507082197043
2.9982885761123095
2.0982813311736996
3.010294889086637
6.07709401330177
7.781301197600351
1.66513416888869
0.40297006251390743
0.7398164670365838
0.2831235898369465
-0.2746987374720369
-0.9089079403067984
0.08274507536851941
-0.5127632114274894
0.9496215876238718
0.2095785676693179
-1.1498762718613174
-0.13764138752751875
2.815693075140118
5.6902491938504465
4.001151716241388
5.0215225061244375
1.4281984798269216
-0.4147996731911954
1.7520414568028344
-0.5417178767815711
2.0377628653075726
4.026773504488515
4.576500294568591
4.251445051954708
2.49517225614294
1.91037899565689
5.137599640576876
1.8871572350657118
3.499095589370235
5.065472228404354
4.528869159460303
2.0440320234146196
1.0332949021053646
-0.023330517420404127
1.083094700221973
1.9810650083413177
0.2269219498553814
1.9193891845558277
1.6204662933041933
-0.32006084507717414
-1.2769368567372374
-0.5958304891086091
-0.46874396486802816
-0.30517621477255125