0.11252208382944089
-0.10157946168056486
0.0018044407627211636
0.05905123054270448
-0.09209553633212852
0.06725677584533434
0.06956431612293401
0.3345840342675486
0.47100465277233855
0.6273831450616509
0.05167801141065089
0.6979064526695812
0.2609634028499432
0.1550856174001505
1.166942791812274
1.0101468651032135
-0.16711867483427698
0.6219268684887648
0.7558198828784208
0.6061927584145206
0.4966695716377892
0.1814167857559414
0.24740546141706782
0.7958310752792014
0.847459930728304
0.8793928468060689
0.9310217022551713