0.13247586562449462
-0.0651406924997001
0.08235111607750134
0.26541367805915733
-0.06146890125812211
0.14470407476665204
0.11809987700128688
0.4092615668594606
0.5350858531108094
0.7666139835544871
0.07395523143771994
0.8657118758487125
0.3302832864289408
0.25973440780641477
1.4749225523858778
1.339126913322727
-0.4597074155582432
0.7225172326580789
0.8695151893291068
0.877272048353545
0.7780981062931643
0.42474326623296654
0.5234208877645555
1.0415907905911832
1.1939460147491838
1.2177233459528833
1.370078570110884