-0.18989066795162288
-0.4076251900995401
-0.0072138499017249955
-0.04285262785238172
0.05237759546364168
0.13206001441156023
-0.15996536454477195
-0.18366451809727083
-0.4331874195356912
-0.3265139318834699
-0.02224772394023393
-0.9629410302406217
-0.15239069664597563
-0.41421466798906287
-0.6425942623128601
-0.3598321794812489
-0.3009943730974461
-1.8061877494590137
-1.4587896719091862
-0.08380390173809339
0.24998286594581498
-0.15782555694514874
0.31129494252480616
-1.4240915307890492
-2.031579143258131
-1.4954644681434324
-2.102952080612514