-0.004781622847199905
0.16084450543832204
0.18542656494176388
0.24147571884094887
0.010441759078398947
0.16609550543639873
0.02089732336711063
0.02666162618526709
0.15021449349191768
0.3742441915457594
0.06364327459432237
0.050832039417356596
0.019870717726959773
0.03657878727152091
0.8962442941273704
0.9131217912531294
-0.18688489715920262
-0.36884007921506234
0.03731171843760701
0.42810710213788816
0.6604738922059168
0.6014854835276714
0.7441209165539185
0.06309859629622427
-0.1756160804807323
0.18792028793318014
-0.05079438884377641