-0.194671663289237
-0.24678131217081262
0.1782120875303573
0.1986224634789378
0.06281998205159159
0.2981555198479328
-0.13906804117760907
-0.15700226440244408
-0.2829722985341877
0.04773025966228947
0.04139492314452006
-0.9121102458423845
-0.1325193514094823
-0.3776365082271452
0.25365003181447543
0.5532896117718805
-0.4878798977659123
-2.175028456183618
-1.4214779534716488
0.3443038279094067
0.9104567581518014
0.44366055409204747
1.0554158590787248
-1.360993562002367
-2.2071952237388284
-1.3075448077197944
-2.153746469456256