0.09896982324069209
-0.12294731493369893
0.008375287266007473
0.20367695132828248
-0.033446239467671876
0.2860202254188882
0.27902916337369976
0.5887620030526783
0.8733875037605757
1.2751265412355488
0.2009080001337372
1.1033305055225933
0.4788841792479609
0.47360636953141383
1.6249750524022717
1.5281747104333208
-0.29379362810542536
0.6111497130805312
1.0009850297443272
0.9920502442869553
0.9524251302801311
0.31003485124496705
0.5288867144054034
1.2737501623943042
1.3709442866924104
1.7241694136238916
1.8213635379219977