0.13014109017161118
6.5071674605893755
4.099433359174253
3.116695657323017
2.61971310587844
1.7159292843899834
0.10882459043036277
1.2157621219391221
-0.9135867758009485
-0.8682347773617257
0.8665907023534992
-3.1308039547652107
2.6831587149484646
0.5545521609979243
-1.5450621962614643
-1.3322730769526945
1.6804793867941976
-6.236040032501702
-9.189546808660028
-6.022848052135776
-3.990798904125091
4.115911132702612
1.3406465645275165
-1.4759771587672452
-3.6809171131139613
3.3555465036693537
1.1506065493226376