2.7500190051602442
7.223427027351524
3.4585305746071278
3.7699378896496403
1.0587917124199315
2.472524235700847
0.9650551921584706
7.243363201855756
6.000913611041674
8.372934255856011
1.6771012091719348
8.729287960914387
7.01220575634428
2.7788094989410657
18.579113614240764
15.851556146860567
2.2879966917599197
5.555863303953637
4.203971560420299
2.603011380377244
2.2944371562429065
7.3504558326281355
3.9651636664782175
11.517889863259843
11.61976100521962
18.229003390174146
18.330874532133926