-0.03115292232187704
-0.1367041768971115
0.057309548266107437
0.2232724910529083
-0.06719812378184589
0.19996267078686908
0.22482095999860988
0.45147375217983726
0.5750631443078712
0.9235263973730373
0.13079312343817248
0.9508268527632331
0.3629291951837185
0.3787569510193206
1.2220572432389454
1.2361573322239483
-0.43775521159751524
0.19599314947685528
0.6402505774846792
0.7638440001066997
0.7731776751934848
0.31758265357698456
0.5455991225511043
0.9697669756952108
1.0261206367660656
1.1734510053313583
1.229804666402213