2.1690702711102396
0.3804833923443165
-1.0154729635642374
-0.03827504224953528
-1.5835190273968287
0.3507599675473868
0.6172031503403619
5.2221579932907805
5.64904820002322
7.443616134077893
0.5366653982125419
10.51222783722952
3.7140285109949107
1.7132369364224656
17.44845406776339
14.78855599263538
0.7972670236048404
9.947487371395335
11.298998119995712
6.8619453360639975
4.63341539848137
2.365668098211625
1.5688036426990475
11.09242496920216
13.179399660558632
12.201761153486007
14.28873584484248