2.926219522950115
1.0197281353826575
-0.7093443367399549
0.5338600332648026
-1.6489118908886928
0.3848848711548784
1.071464416076282
6.3094454733150656
7.070923931804703
9.14081880879849
0.7831131055929829
12.704108627405168
4.491089058467692
2.6228048454799953
19.228909106614783
15.916567891167245
1.2364109515123654
11.851052051235738
12.533890384157411
7.450997059651088
4.59423719741233
1.9922669243429036
1.2118991730735629
13.526162466254053
16.242936868346455
15.632886506829063
18.349660908921464