2.2562740403516877
0.6241593956443883
-0.7158186710166246
0.6483987219788367
-1.523423294640721
0.7728918577672569
0.9722906252454948
5.97734296262493
6.326392845511319
8.5784646965588
0.7191267552071078
12.035387609858018
4.36342297016175
2.454175254382111
19.800172453380593
17.114189250119214
0.20725370373556182
10.611533216813667
12.331787303991067
8.123031842862641
5.912673938945466
2.9722209969108504
2.4583949279856863
12.92618644128724
15.390411961573207
14.545950378825449
17.010175899111417