2.190325333911809
0.4363004342250934
-0.9040234924906838
0.10479867859266806
-1.573963397159013
0.3680268563184453
0.6358809661207999
5.248621515335902
5.688238021319601
7.505853476645034
0.5470897420182643
10.584211729186832
3.7391928755246635
1.7537171395086697
17.597358815143195
14.95315571545499
0.6474614837393163
10.102953403913661
11.436924007176765
7.0429545349123215
4.807870981610416
2.482074380247921
1.7307537302471698
11.146745434034283
13.276580059964026
12.264846562041217
14.39468118797096