2.65103083731051
0.8529637436592596
-0.6982123328332328
0.42996974127371484
-1.4937232696766625
0.556632280523994
0.631409641729498
5.576127327736796
6.339437242534752
8.317642635844699
0.679717383380263
10.909265062916365
3.966117846212097
1.845500386923821
18.902118567263283
15.947671891589314
1.0452725165632373
11.595910186978484
12.753267791595647
7.862015432406321
5.512058385174512
2.9169620463485386
2.0789179793995967
12.024100046331878
14.274557481567516
13.700005881173434
15.950463316409074