-6.492063656870901
-7.684446368348551
-12.381288713152127
-2.634702754924879
1.8592090743498264
1.6188789884175687
-2.5400340108478976
-3.292097612087297
-13.220592967390395
-14.72691075177725
-13.682327819901268
-6.9859723238693
-0.28515045073300793
-7.771559507639683
5.62005671053795
6.5509064933714605
-0.9308497828334403
-0.33197509361833644
-1.2206530142683618
-1.4713649452939321
5.076978835430168
-2.873828652521748
-7.7758442872426174
-3.6770778408497127
-7.895855794934694
-4.094481666790109
2.5743946723066458
3.114909834766998
-1.1393898516755956
-0.5988746892152432