2.3823316854851577
-1.3715228373290516
-5.03183320669678
-2.35499626839986
1.1984875574589537
1.7885607222844135
-2.1144887384515125
-4.781469294355626
-12.407771373611002
-13.763727977243674
-10.679369671558927
-11.549976174058967
0.11850593153495416
-0.8027416993839782
-1.5699244783113553
0.23114602292984196
-1.8010705012411274
-0.49822522305793754
-0.5715956764541711
-2.443446557144626
-2.1254869623400507
-3.2937007371155986
-1.90876643226266
3.0625547141857568
-1.3296894519196736
-3.86529641356977
3.021470118364087
3.663846174267516
-1.9452213340867581
-1.3028452781832596