23.029666112994246
0.7387343744908923
21.721195728673433
5.209957735308249
9.357380515579438
8.08220704353141
1.391755335652693
0.22640921430535452
7.146917222052142
-6.2523703412846015
1.3878428135460799
-2.8462547247001706
-5.424442385444878
2.1590206873080837
-9.528068763485523
-1.353816735164645
-8.174252028320877
-4.604434855271486
0.8052039521434388
-8.337140332396125
-13.725347805808363
-8.438808803797738
-1.3844461042977938
9.7926255389624
0.6057155254716342
-7.633604851654299
5.0209129502434795
5.18380125431869
-3.732705477124603
-3.5698171730493917