42.689277073779024
2.2601074573475874
30.16325754203024
7.678429742053785
14.424742978473311
12.712686055581083
1.4072723920523567
-1.5872458989176996
10.300943423097745
-8.440581518304763
2.9526332828592077
-7.10867929950401
-7.831840769244341
9.199127624623962
-20.492319911962152
-5.3871532573514544
-15.105166654610732
-7.8205619124129155
3.8119743672725077
-15.603089215375137
-27.377280758154065
-11.798688888491778
1.0839788392308012
17.18584214584325
5.493453376815445
-7.986714521219305
5.861490243793643
6.359412804558082
-7.782527302962186
-7.284604742197816