19.659610333275236
1.521373710366281
8.442063068375917
2.468472006745605
5.067361835384244
4.630479639559267
0.015518311418800366
-1.8136557407326488
3.154026828555154
-2.1882118045297205
1.5647904693131194
-4.262423947294245
-2.4073990113090398
7.040106937315878
-10.964251775986197
-4.033337149696362
-6.9309146262898365
-3.2161276846510067
3.0067697876195183
-7.265948882979012
-13.651933579855285
-3.3598794571844723
2.4684249435285994
7.393216606880841
4.887738478853362
-0.35310966956495426
0.8405772935501984
1.1756115502393572
-4.049821198327988
-3.714786941638838