10.10419822851367
-0.6050605780560991
-4.090248031098853
-1.3145788805251526
1.8426108026630412
1.8914187899142452
-3.2877153702095727
-7.751991759058409
-12.799700605590315
-14.441865789166377
-12.551956738307684
-16.96977076938552
0.11659281803899273
3.8918825930255876
-5.535768707137191
-2.3725996717220785
-3.163169035415077
-0.8505548122710154
1.5192829213035088
-3.9027550068948815
-5.671420425000239
-3.4984946291052053
0.3569870473711648
5.871094300827319
2.3974333167508926
-1.9792117078017661
3.0042056718606887
3.743791643340493
-3.0522001946239357
-2.3126142231441316