-96.34553370760406
-26.519909426254017
-132.8915712551898
-62.02815283820131
-44.16643206802925
-37.301897913008105
-20.872141408470807
-34.616338973967935
9.348894703800035
-8.30469997068178
-40.21180406990917
-20.85461506647679
-9.765893631703419
-6.739484049866227
-3.6515973564455155
-1.437956982022855
-2.213640374413743
-4.179276420559032
-8.177441031880164
-4.7617998201886556
-13.161805942836962
16.83748711619939
-20.072179671196686
-15.399530134185452
-15.23799034816942
8.660046084319227
-18.850562885082184
-16.302403439325104
-0.582523399629624
1.9656360461274538