-61.932721809960846
-28.797043119942323
-96.80366257517476
-49.26680441147714
-31.871741431189037
-26.035389429925317
-18.904351861229564
-35.2703970396343
7.011166306222139
-22.61647042327658
-38.40127575775828
-18.5073684363485
-14.841495869918935
-4.829579797818102
-13.385382515606981
-0.16557741785075583
-13.219805097746681
-10.409584940118148
-4.995157215657189
-17.435050221332244
-30.76000512631401
1.0732785681606747
-24.78524862193242
-0.907701150318279
-16.537543183466074
-3.9218786475043164
-9.763502938259844
-5.548257814692186
-7.025465281211937
-2.8102201576442085