-63.68899556837279
-24.10529531002229
-11.462749763023044
-13.790829055890148
-42.509389535771064
-34.13410979980202
12.2210762409973
0.14289584948344317
67.41135341285151
31.74984581092007
16.749457565094108
39.01968839071643
-15.329968189420729
-9.56638261467935
17.47527528281855
11.666554827956427
5.808720454871597
-4.015887991362273
2.100172213285436
4.953795782735734
11.32836231565535
6.391529371333402
-25.576689138949682
-18.05808419929819
-17.749244074186
8.491701584615493
-9.367328424639384
-8.512403752521356
8.969683774100236
9.82460844621715