-60.703909718103134
-30.540860716951954
-104.00305281305185
-50.18985581297498
-34.642886735441074
-27.89453474867463
-19.986994480350106
-37.93292660245686
2.3687709861480952
-25.928198961606192
-46.47044130273519
-27.79020617952639
-14.369029974540561
-1.945306437550336
-13.574892519317016
0.6576390889073194
-14.23253160821378
-10.477487334822081
-1.2876673486346566
-18.261879438052482
-30.003975344626657
-0.8740059684138932
-24.31414848291231
0.21636687949821376
-14.801923885280832
-2.161673317047435
-8.028382098528267
-3.9990342687074696
-7.7843921032282415
-3.755044273408489