-53.65625663382503
-24.25980196890643
-102.72831371315958
-54.34972309614753
-29.741689089555944
-24.58921185742702
-19.46486901641845
-36.203584872885635
19.64983812689778
-16.745281488986542
-37.25917078704996
-27.9632943659808
-17.59773440094776
2.4596435747577354
-24.143917268407666
-6.825110239374309
-17.318807029024473
-11.999838332971947
-4.3654666646076565
-20.36488903556379
-40.53908670099103
5.038798227707612
-18.988200831965884
1.786312011657797
-9.744536971353975
0.6733315630999209
-12.989072641288539
-9.942990634767023
-8.36505070259181
-5.318968696070362