8.063016920790735
-4.317649312918132
-5.686524994893236
0.46302073192361987
3.302751369622935
3.174456457752113
-2.6367995887872047
-7.227864816989825
-15.198870578893866
-16.704172072015172
-13.334205845440486
-14.63652028504905
0.2067784135634999
1.0091629470561043
-3.5110461732158225
0.542820922493211
-4.053867095709069
-1.263303891522135
1.5519838695493153
-5.059719331819468
-4.204506735713003
-4.52988203330211
-2.9435322770219545
3.9870611108088996
-0.6094997137156161
-2.977898163752795
3.741645218652639
4.74749745476297
-3.7964154402974026
-2.790563204187003