-0.6260579270732141
-3.320224972590985
-80.30907960545493
-33.12097908718713
9.43916054712307
6.310159647592288
-29.01093936377535
-30.631823594762114
-47.99241573301837
-40.60258825695298
-44.47136365129346
-45.97708065300597
0.36996638796683917
5.539544516245227
-29.290733320114175
-12.063278268737024
-17.227455051377152
-5.895471725697938
-6.523733752488454
-19.945399446923354
-39.962880479629305
-2.024550066057128
2.700206949279919
14.087828334794153
2.5413903426395983
-8.54828381855004
-3.417644631984548
-0.6997002364383467
-14.049927721225416
-11.331983325678099