-32.656538139231266
-2.4146141162317303
-121.42882149216678
-48.237323782311165
-1.6570425322581925
-3.1677881132060866
-33.09321764946811
-34.75923482345138
-58.06245870905147
-40.05454578160185
-56.961261635003275
-59.87430345719322
5.564074557717309
2.826898564813124
-21.126872639264064
-13.104511809979282
-8.02236082928534
-0.16338842919675867
-10.2776132451656
-9.71559560292439
-24.49016825849231
10.44595774486599
5.504509467752996
2.6585540651127357
2.511253726016577
0.16834449970373255
-9.483234460442798
-7.789999686803749
-9.55220717372986
-7.858972400089696