31.59671738016086
8.995649660968882
-64.99549120959867
-32.63658352723909
8.227476637445895
6.602000460298679
-30.242478104529912
-40.331818588387236
-53.948941053439825
-47.97272047386656
-46.51324182344355
-67.66436226167362
1.7234819511733497
24.8544290088844
-52.320950679549014
-27.133920869068017
-25.187029810481
-8.512527582731158
-2.279491860185847
-28.713077869180797
-64.87910514278202
-4.0815889218859995
15.079192557391716
31.215509790954016
18.901686634864582
-6.361080782068503
-3.457276499248534
0.06877155945015005
-20.200550286448525
-16.674502227750956