2.326804425010959
-1.475564930159212
-78.28390674432205
-33.321374777844866
9.766844806936437
6.8246156702277565
-29.04498016729844
-30.774673207466915
-48.556349339530755
-41.487121090412224
-44.57571201333961
-48.67035257810069
0.2993554844175663
7.4151057191467835
-31.587458705642934
-13.99969457693134
-17.58776412871048
-5.950008346870563
-6.584588857782327
-20.338416462960538
-42.30963547484187
-2.4289101093051104
4.225754296010502
16.428604686237566
4.284227016703993
-9.013498967087438
-3.0371845553849197
-0.28653222113708904
-14.388408116089975
-11.63775578184103