-5.077931070521082
-2.1179160940115365
-86.85377805513558
-36.862047489008454
4.563751430707056
3.0651185933752756
-29.571271132560202
-30.84795763495048
-49.843711847809544
-40.973872700511095
-49.88569302238881
-52.17337428519377
0.7541598013166685
6.61191323007291
-27.53912162891974
-11.551736661542318
-15.98738496737631
-5.198295451937673
-4.939823431469408
-18.155955888968748
-37.127830924569004
-2.7356533064451845
4.2060729330593265
14.287389967987503
3.556819902620782
-7.675476737910134
-2.4026988925415225
-0.23412797094908303
-12.957660437031075
-10.789089515438636