13.894684448950434
10.181969789862455
32.09128717930699
22.62486558501546
23.79256251154189
24.62556579670588
44.78233396304249
43.3874878183844
10.901649002603692
28.364012650586922
18.134807342776988
19.89384005929228
21.31905634951186
36.828555384241604
36.8245754004647
35.466115619154124
35.721157767749794
40.61251691840597
37.84091553894164
39.83455334137745
36.23893987092343
21.54430320715135
22.69169307090328
33.25370950018078
35.72417514119407
35.20954859283466
34.37708882570363
33.48530365843524
44.34634868043682
37.19869772902647
27.757645553701114
29.966865935905464
24.70996898952633
32.504419211327104
34.63518206194961
47.006258248403235