0.
3.6591908690947585
20.931314424820403
11.408735199052048
12.023217605365613
11.721069660108729
31.390109024196132
30.279627346309166
5.625598321508394
20.10448874286115
7.68220519975724
8.99654470546558
9.70399433544633
25.112989746653238
25.399216370634054
22.07017184467443
24.867913425020227
28.636389062399594
26.251541795254997
27.471398354309432
24.260644266199236
10.519730184023866
12.408822482871972
22.921612087367254
24.8252752573451
24.11154205222773
24.862468708428406
24.36078869258232
32.527813136699706
24.72428310319701
16.517020437484756
20.75457789401735
13.791753512400373
20.384721455138106
22.655591031509818
36.96198964145206