0.
0.1950895846562
0.18955934290391996
2.1218037228140396
6.089231660894918
10.836548560449717
4.059083866943158
9.015006279566999
1.4927950424751997
1.4929669800946406
1.6684839140648797
4.65950258421884
8.0685085098366
1.8782522023486015
5.355888848543558
4.290531983015321
10.15762776970848
8.540477275199395
12.663538879332362
14.231794456435805
2.1978785893015202
7.1624380435092005
6.13632688088248
5.66712606018884
4.641091453728438
8.460883335099442
11.709995432262282
10.875178048963322
2.243033549729556
-3.946583953026356
3.3105791686030797
11.679901328783794
3.3434217639543675
1.762902140010277
4.834191205569878
7.5029881092307535