0.
0.5458479758998409
18.118458149087314
5.7117012017834385
11.018723998361118
16.491263736560878
31.9171379770964
39.387166146688145
3.1204054938399235
17.85766078338441
5.602405979189558
10.055121573044241
14.153426670016074
19.56618859251112
24.97286178974548
22.18233618906887
38.37082028783415
39.236534986848405
43.3860818869803
46.93782113711562
18.93017753299224
11.555250947256724
10.864689854177483
27.01033575781025
25.420144329017873
29.584603366333592
40.25020702746726
39.54287511388745
30.043975504788975
-7.2891127708768515
-9.535887532603118
37.66421816787263
0.21143683620376288
13.93430033166407
23.220973070022794
54.851140257668646