0.
0.3507583912436396
17.928898806183398
3.589896851459839
4.9294923374662005
5.654715176111165
27.85805411015324
30.372159867121166
1.6276110788742792
16.36469380328975
3.9339220651246785
5.39561836131584
6.084917532669923
17.687935762652955
19.616972941201926
17.891803578543996
28.213193145635238
30.696057711648997
30.72254363515748
32.70602605317028
16.732298943690722
4.392812903747525
4.728362973294994
21.343209697621404
20.779052875289434
21.123720658743718
28.540211595204944
28.667696437414566
27.800941955059393
-3.3425281903409276
-12.846466701206198
25.984316839088837
-3.1319861827697064
12.171398819163361
18.38678249196244
47.348152775947426