3.750557301441607
4.173088507996717
19.722062351250965
12.915693673837195
15.504495977564131
17.38957007353812
29.154423811589712
28.816326720898832
3.72381574685364
16.856266589796444
13.209880340045355
15.194115799650618
16.877243240412074
26.19626660788207
26.93625339356317
22.16067332788392
25.303563641993712
27.48121673158571
26.74701650272176
27.83702489808182
24.106873709916332
17.179957104538175
18.02270346959631
23.671908094577642
25.8645892882577
26.291209837818283
26.654240063923716
26.154035200688856
28.707518898785413
24.63366342165931
16.29248857616057
24.67105466814846
17.72263739460883
22.423365313121
23.29921745041245
32.71169646110544