313.744300590348
123.2021835890342
185.47398583920912
185.47350893194195
249.07458350835338
320.43558563092
277.26746479703775
360.93023963499843
114.20082250485586
152.32673459655211
129.34417813627664
176.10971715118777
228.4338111497346
212.9839735741304
271.27264006690837
275.73256386309055
198.765052476318
261.8380463825111
252.353433911072
328.43529713015204
234.08203097440273
222.69620258828112
215.1530984203931
197.03208442484114
211.63610813963152
265.48683877121874
225.95995511097644
204.86532391289984
299.6455789487539
361.75820712393846
280.38556607577107
211.4969578946783
213.41642178738624
250.52913811819812
269.8851662289867
227.03595202859617