312.01945589046875
127.08659980725089
206.67624144036927
197.60729214171045
261.8135006997363
333.5237283614314
323.8939666662206
406.1108937576091
122.47096222963414
175.25633350072442
133.96135592920976
182.7144338010484
235.3510373483713
238.06697414757105
297.04653075237684
286.754958538236
233.5111958928695
305.2647419068374
289.97218824513453
369.7077429173356
248.3134822684494
229.46004214161198
223.97277552713274
224.17781680595664
237.9591810761869
290.44575858431
257.0299363392162
236.76252958722566
330.25506456487426
357.92446653147863
280.32793527524075
237.55939149314938
213.13883820272522
256.4604157088135
290.16891166199156
278.60875591239267