117.64420591420199
41.904555033674214
85.24237014031814
11.359594093956654
41.79895584238829
73.92843489696249
87.05055901776097
129.88489496649126
41.78025919505498
69.95031294096515
4.57770796810471
30.379435212957883
56.29357891296355
60.90386905994824
95.00436066255004
53.60224500346536
37.38154519139786
84.72975381569661
54.770691022036004
96.43610906500537
45.10570092758154
48.61793719590889
43.94086748156136
60.65771400231216
59.1096962360327
83.93845484787936
50.85681600482962
41.302266337906836
134.42926335165896
94.94271224085807
22.294877518610967
89.67833499395411
24.036544735097717
51.6026268045795
80.9463022679582
148.69636965356096