313.741936830234
124.13215356079402
202.5512118194186
201.8056738620299
268.76999135753505
341.27441449209675
315.2455488341826
403.6069968024431
118.23650208498925
169.77342405786058
142.01823313833228
191.72637948807827
245.3678003375642
238.67357965416406
299.6525054067947
287.01922600419596
229.95931854168526
302.0267454669572
286.93709683824653
366.6896225065
250.52878642611833
240.41345296454693
234.35860157165058
222.6455310764553
238.88801028325526
292.54341362580175
256.9665531359586
236.56277469614997
323.4998517274582
361.18292721398336
286.3242631078775
242.0448325482835
222.19260894685814
260.6255882941503
290.63536054704304
267.11481255815954