313.744300590348
123.74803156493405
203.59244398829642
191.1852101337254
260.0933075067145
336.9268493674809
309.18460277413413
400.3174057816866
117.32122799869578
170.18439537993655
134.94658411546618
186.16483872423203
242.58723781975067
232.5501621666415
296.24550185665385
297.9149000521594
237.13587276415214
301.0745813693595
295.73951579805225
375.37311826726767
253.01220850739497
234.25145353553785
226.01778827457056
224.0424201826514
237.0562524686494
295.0714421375523
266.2101621384437
244.4081990267873
329.6895544535429
354.4690943530616
270.84967854316795
249.16117606255094
213.62785862359
264.46343844986217
293.10613929900944
281.8870922862648