0.
3.3028001823365667
20.620851114440374
14.287576192743442
14.779493034584249
16.650330169188063
28.506707168658288
28.369293090823508
5.251572217145171
19.408895708978648
12.375083828969391
13.60454407733688
15.031438547120652
24.62274429535084
25.137147588358776
20.27831374665012
25.120249338236864
27.37396986523069
26.337821747432706
27.1203094857835
20.587004527010954
16.852652937943066
18.84913532592817
23.688452869191913
24.67948690504463
24.511666128589034
27.491448104906432
27.429312313470845
27.911020950271407
22.006583365469872
17.58076982997096
23.750995035190932
16.948681229172475
19.416815758139247
21.360517698308307
31.445951583750418