0.
0.0019999999973333332
0.0026666666631111114
1.5091999979877333
0.887733332149689
0.34809999982595
0.46344999976827495
0.5507999992656001
0.007733333323022222
0.008266666655644446
2.7450666630065776
2.200399997066133
0.6709999996645
0.6661999996669
1.4106666647857777
1.1617333317843557
1.5181333313091556
0.9533333320622223
1.0787999985616
0.6939999990746668
0.6086666658551111
2.3693333301742223
2.752533329663289
1.051733331931022
1.9571999973904
1.630533331159289
0.6747999991002668
1.4590666647212445
27.652933296462756
2.355866663525511
2.4517999987741
1.2279999983626666
4.206533327724622
3.5849333285534226
1.9190666641079113
96.80453320426061