194.37524997626676
81.52285390448192
100.5025568752307
174.83896284870175
207.99132725198243
247.87422380436013
205.45329862426345
245.94637144480876
75.06510471307075
85.20153181689811
121.70144276134782
143.33845388262495
169.35346409996143
152.05011534096957
176.64295371919277
211.08254169009624
171.2617372764514
191.89859902874122
208.9499554278435
245.80023549802084
178.94713707466863
170.3223747616792
167.6230855626994
140.5984907162772
154.0242095828091
182.39576168420288
181.31065162595817
171.09947455673648
163.29798807651562
238.25747118742362
241.516037319145
127.12647860517791
175.31053995522714
184.4730674490959
186.56701836252353
92.95039661737967