196.100094676146
81.29762855535999
100.23161569889098
174.1139148379853
207.2756276659651
246.5071507339575
190.21690577927674
231.0453446685072
72.42056330980087
82.37642165558695
124.76647016817192
145.7302819382299
172.14023223677106
152.08010451418215
176.2682794043583
222.13031885962516
161.38350728492014
177.1082925668145
197.58274288903598
231.99918806514668
188.97633004682118
174.07826539237223
171.21223093883174
136.374370422529
152.5264119035988
181.54838392333937
175.1031391061468
163.563057574993
165.21631559709493
266.8154948830804
258.0906885571601
121.8186229007242
189.37987705228852
198.92651131361862
188.93886396102846
78.3395823750352