168.1977148368579
73.62142061130483
90.47758612499887
163.4680092767389
203.02554175390887
247.37940076180652
188.2056836680074
238.86472067633116
69.77743813913163
78.94842066794786
114.33822263063564
139.2099039236316
167.455768889147
143.08224218610428
172.11101316211654
198.76955345053568
168.56103059738308
184.77544236142487
207.03640819665256
244.43735691424388
170.44793796692954
166.75284293354156
162.4821694682112
136.66655942146645
149.07907319795046
180.26704665957396
183.02541938387336
173.05902298829477
154.76201438597244
232.79683096509402
231.73295055677008
128.24182356058992
168.42562911778492
177.85329065827224
180.54402062246254
87.57228979073135