191.98186938796596
82.47662964994356
102.2434503096919
174.6371299540699
207.9978945932174
247.93968097063905
206.31149536906608
246.74824911247555
77.34523901126924
88.3340799696195
121.26201178107833
143.26988957828894
169.43908507736742
151.92806151242522
176.87422388359553
211.06089079865617
172.2426941174556
192.89031379700486
209.7903429737969
246.4978544942084
179.26394524465184
170.33587207878594
167.64953957358264
141.26978726335298
154.36414811159634
182.82183819740573
182.43353289212303
172.36198912343627
164.8342495327679
238.43748985176003
241.1933227926117
127.76973717169852
175.31373362434442
184.47798721754705
186.7750211313281
94.87721307913068