196.09773091603202
78.92479834478324
96.68799056466007
176.15850357532977
212.19154248056253
250.6956494259462
199.68828264776332
245.35280874512833
71.2046706727891
80.41421540791677
125.0654413412582
147.7424001977835
174.04278287748002
153.14696629886498
179.51099715588592
213.1386672540805
167.45752401205053
189.9230217860299
205.8285840687778
243.13320395571114
184.83608097152583
174.942862830695
171.56859876416104
138.29936420495125
155.09882714217792
184.09329264933334
178.61828902622253
167.8311960447723
161.15956742552777
244.2336316076554
246.44861575929556
128.61550251913846
181.20738298258794
189.60614573143155
188.32854058077652
86.97249132084819