-4.809259274346143
1.6828043825247578
-3.5143673039577625
-3.5143673039577625
-7.4322243543920266
-7.4322243543920266
-4.087874410299648
3.596571958048903
-0.06737668539205272
12.313912027760075
0.8435166242578731
3.478219379182752
-1.14891325992547
-1.14891325992547
0.08085150314372579
0.08085150314372579
0.14089839808535184
0.14089839808535184
1.0010441386347715
1.0010441386347715
0.07971207316714801
-1.7794970011826785
0.9234426286119262
-0.6954363598056424
-2.0311482048327885
0.5088858060151091
-0.6140235757158283
2.6780740363714686
-7.084110780401905
6.13648218698849
-4.909175055698446
9.817735696078804
-3.49496702575528
10.187360794145988
-1.4066995078270237
5.579272816042276
1.9609586890127042
1.6758082382796962
-11.262726954224046
-3.4911674465843636
-2.3917858687629843
-8.011842579300934
-1.9147550559432234
-8.465661549314683
-3.279092372917107
-2.3482425900836668
-6.675311536230805
-6.675311536230805
-3.0664782283773784
-2.734503134759042
-3.6220014183848757
-2.4013484041165136
-3.320074911211594
-1.8487099659176618
-2.0809312816994026
-7.157910117129571
-4.491561783382174
-1.6177331308604261
-5.535169648233217
2.2406746390094003
-6.503990065290286
-2.826912224440573
-6.101641254185308
1.7942145407493868
-3.5206241352644465
0.573857531525663
-1.7201991167120114
-4.294593789018657
-1.3933889381927724
-4.508298772959771
-3.4174457233766375
-2.278055871701042
-3.2317614866943014
-2.6328867974790584
-0.36371381556751525
-0.36371381556751525