-6.323307205302982
-8.70563889078814
-7.39398530483682
-7.39398530483682
-9.291940329082076
-9.291940329082076
-5.0872722845064775
-3.7157494471774264
-0.9057877092646619
4.126045497432119
-2.0691861827549687
0.2858100856448912
-3.946642950220157
-3.946642950220157
-0.7739281333292299
-0.7739281333292299
-1.8388461337314663
-1.8388461337314663
0.40619754435460764
0.40619754435460764
-2.501022763088182
-3.6995103205471356
0.461864644705787
-1.3266960775786265
-4.610214832023433
-2.4957260935719208
-1.2807209031697389
3.500748391185887
-7.934723368733039
4.473048004877962
-5.568583201355347
8.195144775888327
-3.517016593471677
7.162353078087251
-4.266482462637479
7.283493711421488
0.8675800991932863
0.9860860307282404
-9.114386198502954
-8.311644499118977
-7.577953390096386
-6.008028911785031
-7.113358838468468
-7.34450486139831
-7.931941377262342
-6.1308708760212145
-8.125950775119609
-8.125950775119609
-8.08661803977967
-7.588392816721734
-7.090012738737141
-6.51841706228297
-7.887129426737505
-5.4436828695928785
-5.709178274497065
-3.5836913121570144
-8.847890545870115
-5.554189808754516
-5.9359428562513985
-4.027176423988739
-5.993456926825869
-9.056011641011626
-6.536958951333079
-5.207269499413406
-8.40542077650947
-4.540124362939699
-5.600162258516836
-8.621632376880923
-5.381284488624231
-9.045130662891747
-8.279673965098382
-6.334452631011623
-7.984052752422637
-6.681207474239377
-4.4826800588781355
-4.4826800588781355