8.297654920842671
-34.39162215293635
-11.338418156346531
-11.338418156346531
-8.686430351269365
-8.686430351269365
-11.53276539719326
-13.79287285454085
38.94935711924308
8.786099577212845
3.6411844628177557
-4.037245279236029
-7.704869229854877
-7.704869229854877
-6.219003775450711
-6.219003775450711
-3.914719645079176
-3.914719645079176
-1.6945996069329512
-1.6945996069329512
-0.10568955266210181
-14.530432531135412
0.6318544361934526
-12.080831619387629
-8.911883868514856
-10.319156260567212
-7.194369494979341
-5.6071235960616415
4.869121525227285
-5.431821897870461
-3.371458891095162
5.0691226272096
5.3572266989254835
2.404593416066276
0.9895901062347477
8.098269405738758
4.684946214348164
-3.146894554896177
-2.810610299163529
-12.00973792378749
-13.82578886851062
6.666531043451533
-9.279482733820211
-3.892329476468758
-18.802249669033266
-3.6970830144225326
-4.55218150670072
-4.55218150670072
-21.211807940738293
-13.391246028325378
-10.021884274179712
-13.83385864145222
-17.868303345521998
-2.2652141301468616
-8.3834743832874
18.993806374866665
-18.568614682144535
-6.769925793652756
-4.76544000315717
-5.849418842387972
0.2661042140518411
-16.91973793179141
-5.227116984226405
-10.720570361041851
-17.09348591631203
-9.106771395092723
-9.584813825486766
-15.446304069280409
-10.102239383375945
-16.46165218793403
-18.49441230418405
-10.711885001221864
-17.824082746828804
-10.53947800463099
-25.466413118914925
-25.466413118914925