0.9445995533114043
-18.715010779963833
-5.068333847692678
-5.068333847692678
-3.0192760531503233
-3.0192760531503233
-4.90711660157572
-6.428490311942001
8.013406267863436
-0.42865680051248106
-1.6742500994117284
-4.142722106157334
-3.065021500074337
-3.065021500074337
-2.3013222852484128
-2.3013222852484128
-2.1143482817316848
-2.1143482817316848
-0.9432347200184087
-0.9432347200184087
-0.5805467445295877
-5.647908579913832
0.0957918443722413
-4.5346877951870255
-3.69251725486399
-3.70803556628279
-2.756286796554324
-0.9426310558216755
0.453617875790155
-2.700408952764999
-1.2934302351867155
0.8947815693430052
0.43871891630707954
-1.1260715530060397
-2.333132627373487
1.9292913199207578
0.8385987559075148
-1.5688002554015248
1.175324150860876
-5.864782786455002
-6.395874875051444
4.568376900934752
-4.233695304618322
-0.20035815492195957
-8.196829822289681
-1.2659151959998447
-1.30947628214548
-1.30947628214548
-9.223873464122565
-6.007745779471558
-4.084978676446117
-7.091748464065636
-7.889185730384958
-0.6232368474059453
-3.75263769078848
9.899295889066806
-6.848813785497679
-3.488934328313207
-1.45024110917336
-3.9186660527019597
0.43429058134215653
-6.958926025538685
-1.5321254591673221
-6.419863938020685
-7.121677532529835
-6.768567862964881
-4.679566574890276
-5.520143868440475
-4.958397937838044
-6.134009488077401
-8.177964374877835
-4.128143176549846
-7.772162727559679
-4.057375785920841
-13.52961063128625
-13.52961063128625