7.353055995040845
-15.676610117953402
-6.270084308653836
-6.270084308653836
-5.667154925628598
-5.667154925628598
-6.625648168107947
-7.36438254259884
30.93595210639875
9.214756377725317
5.315435189739079
0.10547745443082894
-4.63984710227098
-4.63984710227098
-3.9176821177118923
-3.9176821177118923
-1.8003732458761184
-1.8003732458761184
-0.7513661419336967
-0.7513661419336967
0.4748559368483317
-8.882524578731106
0.5360619643116168
-7.5461450792197935
-5.219365358631695
-6.611120694284388
-4.438083325934629
-4.6644925402399835
4.415503649437103
-2.731413572615039
-2.078029283417998
4.174341057866604
4.918507782618396
3.5306649690723155
3.322722733608217
6.168977458308388
3.8463487134597507
-1.5780936719851273
-3.9859344500244007
-6.144955137332484
-7.429913365949632
2.098155397535891
-5.045786801692325
-3.6919700665276793
-10.605418591724472
-2.4311665634035946
-3.2427058520647987
-3.2427058520647987
-11.98793384910617
-7.383498993834684
-5.936905597733613
-6.742109549877052
-9.979116360117903
-1.6419760277217796
-4.630837320008488
9.094510485799876
-11.719800269137277
-3.28099146533954
-3.3151995214933483
-1.9307534171955545
-0.16818636729030675
-9.960811906252706
-3.6949908975495314
-4.300706423021166
-9.97180838378216
-2.33820353212786
-4.905246623086912
-9.926159573330391
-5.1438401905188
-10.32764144483749
-10.316446674287096
-6.583741197162492
-10.051918764250015
-6.482101591200624
-11.936801860119116
-11.936801860119116