-4.309133945437959
-14.413332173951629
-4.73756182795297
-4.73756182795297
-8.866054270048785
-8.866054270048785
-2.0846169296071584
-1.479556351551059
1.7053469437142907
5.795594974813144
0.09045277466239449
1.405031655187547
-0.9204533958338998
-0.9204533958338998
0.7582967879858566
0.7582967879858566
0.6018223720751559
0.6018223720751559
2.1943068670094625
2.1943068670094625
0.2651458406636384
-1.5774649619994028
1.866592736496117
-0.024826053418128147
-2.434896753822434
0.852818616387139
-0.47532465636921184
7.276667102689197
-7.742197257893435
5.057503347696881
-5.026285803813002
9.415579985353375
-3.4937866965882374
9.058170041719448
-6.127684612144009
10.84208615724151
0.04114003189878051
0.15773284993777323
-5.772802001541057
-9.664684594566644
-7.7372619736427035
-2.2014932665055134
-8.079708316151223
-5.707108644429143
-8.403004597384301
-5.239835561969224
-6.9434221223668855
-6.9434221223668855
-8.23744494808919
-7.386890135818174
-7.505030055459445
-9.024312976762953
-8.171870746257435
-4.269115739362553
-4.5896643055796735
1.0817561194205652
-8.872789719212214
-5.37429509010701
-5.131175515847133
-5.488162563218298
-3.36069325990015
-9.231787560727469
-5.48892543663053
-7.886358753381423
-8.656277983528234
-6.677066275726468
-6.231777543914379
-9.235983215775068
-6.018609080019514
-9.762400723360008
-9.565486445069872
-6.513286250445938
-9.299557494438185
-6.986943271294054
-8.697005559668263
-8.697005559668263