27.825662694179197
124.17119640178325
57.62287257453076
57.62287257453076
31.329456448894476
31.329456448894476
47.125936580509894
73.6458460067639
-9.527320772077264
123.36425048311256
16.622816095716068
78.65096893391738
8.524692272201563
8.524692272201563
20.163676840135423
20.163676840135423
8.219264544130485
8.219264544130485
16.6859812080531
16.6859812080531
-9.805734213669247
34.360697854360005
4.14999682450129
41.45189473750939
7.763052543766185
28.635193952236992
19.088075253531073
53.70441422749901
22.90672192996616
13.557827226166125
9.054536244293397
17.359236214975176
4.044230088146751
44.25603415805592
12.099206354312589
32.95382142078938
47.41745242171084
37.65155879000742
13.654859029427213
20.39434307929344
21.205236033124386
24.8568333895699
22.109169829392254
23.54712681141511
26.686111608316544
28.899751982730287
17.6198597605268
17.6198597605268
28.1176742679156
32.29695068847463
12.818959819643464
20.996400851523628
23.57339436158978
28.335194181778437
13.19616836635889
26.357974309195853
35.833437691242224
18.995950575042837
10.324345764652955
30.396525435849643
17.401630760851962
32.80116089503741
11.910677382121682
27.148667730291102
32.909833000658836
24.249786916339605
20.74033302539743
39.59089591047961
21.762546098624814
38.064949537949914
30.3081971901702
30.890720589799827
32.16938427002114
30.203748223893687
58.88516453033698
58.88516453033698