20.710133205391198
82.64285501535204
29.926433035115313
29.926433035115313
14.419144635642512
14.419144635642512
22.407210644875633
51.204253764817956
23.62360029709223
120.42726287226698
13.553228319013373
62.82003273049051
2.112510911763958
2.112510911763958
13.155296016846988
13.155296016846988
4.556774621955544
4.556774621955544
12.588670716869665
12.588670716869665
-9.70962212669676
22.16211930449228
3.091167089394411
29.126556519319728
0.5063125750496419
19.410664436279205
11.067576379395874
46.33797341903017
16.034224195471513
9.023057889249372
2.198675648173639
24.815146071450222
6.2610651639460695
44.66234092170435
14.64160548697061
33.14897392331911
48.5219351050668
33.68043923514787
1.2619789747440944
6.0915587725621965
5.1827855981016535
18.568168113708634
10.7646545554723
10.930231973323055
6.141007559408909
19.36081265715559
5.310638350412509
5.310638350412509
3.578670510271767
13.988255450389914
1.235822150503009
6.230979366160197
4.52902149429151
21.964071715623753
2.0725282917755727
32.83253341808958
9.609683177686172
8.536404609525496
1.00176161865927
25.78701024059169
7.673080099441213
8.580781249759493
1.2845398861960522
17.822083069662124
10.139922374138697
14.061801021643014
9.575012886070803
19.33851582433065
11.593790684318678
17.142048499010865
11.553945820878496
18.579411102090432
13.60368011401273
16.41390027165694
34.70161558228082
34.70161558228082