25.582209968065026
89.27120553643782
-8.856346134908787
-8.856346134908787
17.27343808787711
17.27343808787711
-13.44645745697275
10.658837853049537
65.19822885129194
76.66097861431498
10.704967963318367
24.495797019208513
3.887272376908988
3.887272376908988
6.308527426821937
6.308527426821937
-7.814754938898408
-7.814754938898408
-3.505956152632857
-3.505956152632857
-17.33453241861073
25.17485711716033
-8.571879108585527
25.56223069121649
10.129382309391877
-2.0916939316054237
10.249233497799949
10.106337648316506
38.49903178611927
-28.91232162673224
12.188767028759488
-19.561078782160582
21.58943189877219
4.839974333678081
38.19552172717922
-0.8241666635372168
16.460489412714683
1.1305212232939537
18.475661063517368
28.042043678196716
14.231011952022815
-3.244263330795735
13.040023907516868
1.373469079560442
12.578830736323539
6.7701102814519425
4.6327593817907315
4.6327593817907315
3.8519166057806276
7.867804597142901
5.89772139076807
3.797549177482634
13.387267617703975
8.433471834968241
11.841372088770399
0.5130097731150502
13.43962576037731
7.048096389043909
1.202628346860704
26.779317485810385
-1.424050115151597
16.63403408414659
2.0947053499811115
19.84394942416711
13.234414446545737
4.742712861930244
8.047485057045185
17.41481348168457
8.614037083356452
17.12644083587781
14.63706836822311
5.667384594122874
14.722581605988577
4.897973159771427
15.335157065979235
15.335157065979235