19.187749685931788
79.89165940403493
32.07628522605057
32.07628522605057
12.213801057074592
12.213801057074592
23.906629864634535
54.44749058158649
14.73384949020335
118.7369023032552
10.88837035686649
61.07822616984147
1.2060912589544235
1.2060912589544235
14.310072724846504
14.310072724846504
3.66759366077802
3.66759366077802
13.79746711056964
13.79746711056964
-11.936354209852174
22.706532525588894
3.4749877495216306
31.36952249819626
-0.7247307958528405
19.262263684497267
11.92907028972354
49.8619968921804
11.984367219059317
9.615596232911223
-0.21920441246919647
25.708994549136996
-0.1763722966465087
46.29406900608868
6.826075761344285
34.61628194087068
47.69697129731046
33.3279413227699
2.4216616742215744
4.366968111771911
5.017438274195952
18.592330793512968
10.225395411754091
9.567756322846773
5.612274001262643
19.844805609476424
3.957742028700215
3.957742028700215
3.293778472994689
13.77126580781677
0.41833193830753335
1.7059992869421898
3.7206054838627223
21.982484921915205
2.5673957927542777
32.571371137380936
8.427631195000105
9.301637163413998
-0.9461930805554251
23.367955402356884
8.182638569350132
7.966271689851918
-0.404838878847192
14.39708500643364
8.99789058548214
11.159563902529573
9.136004506505842
17.164386605034107
10.624606049418514
14.623640318125982
9.869694764011014
17.654086867239254
12.274923663386312
16.0299679367948
31.7480917654632
31.7480917654632