36.12331761502187
89.7795742488469
46.28445441818423
46.28445441818423
22.64302609762511
22.64302609762511
35.59317118331663
59.85297315222306
29.422036347165818
132.1503500603254
20.264000558533823
74.61372365468135
0.8198230423466863
0.8198230423466863
13.944673064684714
13.944673064684714
4.304544899051309
4.304544899051309
14.99138160112015
14.99138160112015
-9.91142376633135
19.830265323224594
4.781851260694743
29.371063118121764
-1.148831324748671
18.316037691669777
11.893705758551732
48.09729063143737
27.775843455193446
8.126005328295665
5.683077353198235
22.428358842184778
9.401456787072235
46.660627574122195
13.088796460547337
41.052090826528136
52.10239863605901
34.50466423511125
10.844248730263683
8.384605155505948
7.379447164613766
31.52336443302143
12.829687095572043
19.654797334946352
7.88386193928328
25.202668968307755
13.067678253826083
13.067678253826083
6.905866327177307
18.905704660149254
2.7970755454637506
7.162542210071407
5.705091016067783
26.069980051631575
4.812693983071491
45.35178068406252
17.264823009097693
12.22602478139008
5.558905761495785
24.54710659346167
17.6677349749038
15.881422963246004
6.683560397895278
16.42809736924925
15.816347084346804
15.143015521246882
11.155519199910664
24.1445918411992
11.660306715248868
21.60329735001589
11.813784885986152
20.17883558857796
14.345301523192335
19.664270219262697
33.41875141142206
33.41875141142206