-9.226239738667346
-17.28925665945808
-10.986836119272269
-10.986836119272269
-14.101163037818631
-14.101163037818631
-8.140333057663698
-3.822683744745566
-1.3281629533386652
4.35836204155457
-1.7569328856671438
-2.2199536175907637
-1.0073062849475896
-1.0073062849475896
0.8948983670698489
0.8948983670698489
0.689659477303299
0.689659477303299
2.3936021292959753
2.3936021292959753
0.5758231098409663
-2.726928259781969
2.225522084087986
-0.9489343736641266
-2.439151817710065
0.19764777107713993
-0.25431891245236765
6.973545904537458
-11.434609555508425
3.7642610233854406
-8.146934539811156
8.557237532204017
-6.803086528193282
6.531119317247204
-6.808295845868828
7.828224439180223
-0.45111996605494065
-0.2443415524914407
-10.029870034886411
-11.039032981942515
-9.34412096686503
-5.833074793649207
-8.963822677291128
-9.50664359978434
-10.163049326177504
-6.109182230468436
-10.694508783343196
-10.694508783343196
-10.09425918742406
-8.830955295901925
-8.43010899808026
-9.982092867629575
-9.775131414547431
-4.715412082727964
-5.755952781251138
-1.5514460455381354
-10.92185949918716
-6.3919774658850494
-8.990030815495118
-6.046498538473163
-7.3929586100903055
-11.380019720899204
-9.410177975807233
-8.800678262091617
-10.403921314305645
-7.42602315055285
-7.198717089544195
-10.940362308196834
-6.726919683864604
-11.474417138627572
-11.14286555685888
-7.346450116561477
-10.876518141436968
-8.085954937249964
-10.324800731022291
-10.324800731022291