35.19079995307894
35.19079995307894
6.065999991912
6.065999991912
9.143199987809066
9.143199987809066
9.077866654562845
9.077866654562845
61.824533250900615
61.824533250900615
36.83919995088106
36.83919995088106
0.
0.
0.
0.
0.
0.
0.
0.
0.
0.
0.
0.
0.
0.
0.
0.
20.398666639468445
20.398666639468445
4.5911999938784
4.5911999938784
26.887599964149867
26.887599964149867
32.86879995617494
32.86879995617494
0.
0.
4.211199994385066
4.211199994385066
4.896133326805155
4.896133326805155
5.178933326428089
5.178933326428089
5.2118666597175105
5.2118666597175105
4.932533326756622
4.932533326756622
6.142399991810133
6.142399991810133
4.888399993482134
4.888399993482134
4.743733327008355
4.743733327008355
2.2590666636545778
2.2590666636545778
2.7952999986023497
2.7952999986023497
4.032266661290311
4.032266661290311
2.8855999985572
2.8855999985572
4.239866661013511
4.239866661013511
1.734749999132625
1.734749999132625
2.906149998546925
2.906149998546925
2.9927499985036246
2.9927499985036246
6.005999991992001
6.005999991992001
5.993333325342222
5.993333325342222
0.
0.