1.451230442629156
2.07728836970237
46.17676447486092
46.17676447486092
6.437646876847477
6.437646876847477
40.94094038635486
44.261165358945846
-40.66884084493505
39.64023876051987
4.917446538449974
38.0384256256371
2.1718814850751276
2.1718814850751276
7.620696723354282
7.620696723354282
14.210375694585418
14.210375694585418
15.688429325147913
15.688429325147913
10.125933055002156
0.6867725078790851
11.201181553274152
4.891021905681863
-5.012854902318802
23.99808446145655
2.0990637847656637
32.73088737952778
-14.530084221914715
33.46233151110365
-4.421508179230502
36.18108007772248
-11.811350141354444
32.66001350993901
-19.287433777571128
26.68964687543484
31.193865593158836
31.563831981125677
-8.099295890270318
-13.638840406515545
-1.470272963824775
27.820460356289402
4.837989486423899
16.901267755160923
1.494118200347711
18.721573251724863
8.803829743741387
8.803829743741387
7.81337194427081
13.708843669968747
2.42811349847208
8.951847250960533
-0.971116696674961
18.974282750248392
-4.059665522497761
35.903214957131546
5.017947963178975
7.042498029236103
5.735076128049965
3.0348691787700455
15.090587141418679
1.002758806624526
5.72679348754802
3.185403144908422
5.31092870410243
13.85921252265247
7.127690087542455
10.545334719527004
8.361038089586458
9.060738326024804
5.196551417753769
19.246479138979183
6.865151260446791
18.19713458612489
23.849138575179726
23.849138575179726