2.24345272611417
34.89999086534544
66.47921870943955
66.47921870943955
14.056018361017367
14.056018361017367
60.572394037482646
62.98700815371437
-74.7255496233692
46.703271868797565
5.917848132397701
54.155171914708866
4.637419895292576
4.637419895292576
13.855149413313487
13.855149413313487
16.034019483028892
16.034019483028892
20.19193736068596
20.19193736068596
7.528798204941485
9.185840737199678
12.721875933086817
15.889664046292904
-2.366329765625692
30.726887883842416
8.838841755731124
43.598076579182504
-15.592309856153104
42.47014885289837
-3.134230784466091
36.92031499713576
-17.54520181062544
39.41605982437784
-26.096315372866627
33.777988084326594
30.956963008996162
36.52103756671347
-4.820802034090154
-7.6477005989032785
6.97422408110157
28.101096720365636
9.069145921875386
22.173657731854668
14.107280871993005
22.129641701278345
12.98710037873607
12.98710037873607
24.265757662134973
24.429146091331734
6.921238428875393
17.19885167404099
10.186126743885806
19.901722346810196
1.3547962775884914
25.844964536080802
22.393811930864917
11.947854185998926
9.121717417792253
3.6172079500392558
18.82568087600356
16.16712681089082
9.815972032140571
7.304718306123993
19.675418554113094
19.50707405440936
12.692847968352245
22.176082428795045
13.148509015268361
20.93850870207211
15.671128821947091
25.22333599567695
17.446802664032564
25.30577506412226
43.55000746435775
43.55000746435775