-3.164524270320366
-34.761241650481224
35.5478471611571
35.5478471611571
-1.7290700110275736
-1.7290700110275736
38.30078538095631
29.305135719987433
-36.24046415188455
28.75502705771412
1.3764451936261581
34.01302872086525
-2.5837310456836473
-2.5837310456836473
7.995268599136772
7.995268599136772
11.240545068589055
11.240545068589055
17.152069885038152
17.152069885038152
5.625637928031671
-2.6018387094142232
12.28673709875275
5.684736638454073
-10.401459847189097
19.841018257340814
2.1102857992731114
42.44210438766035
-20.319293148024705
33.629647905415126
-9.081094818982042
38.891625654884514
-14.24572254065889
32.26751928278466
-29.102103214074567
38.56225904759904
29.009470454256952
30.732952405430304
-5.172557484056306
-30.026986492940704
-18.4203711917883
33.900579487760716
-11.244376564149228
15.88954430491879
-15.608112985376424
9.578916825104574
2.350883260126332
2.350883260126332
-9.782710232793736
-1.270182650062577
-9.926584926293353
-7.647093066107506
-17.584157673136414
11.128920196044383
-15.173636830631269
49.70546831215075
-10.054003851760982
-5.972414929874982
1.2011947510440215
-13.877997806347693
13.712417603603436
-17.503092187350582
1.3298988744512013
-17.571787760413383
-11.290762119771289
-4.929681337702786
-7.049584189727192
-3.5923076904786577
-5.993122259036534
-6.061893818486684
-13.040726687475784
7.159823598972741
-10.907022963728341
5.767479264022615
7.646410679582299
7.646410679582299