0.4610168767780954
-1.8657875482328636
44.311832067792295
44.311832067792295
5.412020027354207
5.412020027354207
39.67861983745202
41.15418476761123
-41.29244055037384
36.991466193948206
2.7134164974074677
36.03479127525233
0.11801430791536381
0.11801430791536381
7.563763691491333
7.563763691491333
12.654102951566646
12.654102951566646
15.848444747389976
15.848444747389976
8.386283509526653
-1.3805612974097847
11.399072021204422
4.574456350976665
-6.9977333992058055
22.047246768092634
2.1727899068181378
32.94746311428505
-15.195499746884407
33.36084959264635
-5.199190150675823
36.2879309397364
-12.31930763921826
32.256404374121345
-21.191012468446594
27.479340109654096
31.128999235288283
31.42835471970585
-8.381696237684684
-15.796801956831468
-3.8889986067786686
27.698460098864263
2.59526426979154
16.59495884672288
-0.9200265575558183
16.66773757115466
8.078427105409745
8.078427105409745
5.325538110597369
11.275546457467932
0.31482975784370426
6.899418615626032
-3.448158295258022
16.890258167702516
-6.326339595677675
35.98329587916419
2.6121201686660074
5.041030277971117
5.001617574068791
0.7758632780582891
14.776755880553482
-1.651848805684083
4.988030066895493
0.7038030501914994
2.7699447761895732
11.78344374327701
5.158945123740328
8.196129679125248
6.273249928720044
6.559782149857133
2.667509671337359
17.055917787427333
4.4704641395108915
16.10821992135192
22.8588154756538
22.8588154756538