2.8317794565341075
7.909710527055189
51.919467480231624
51.919467480231624
9.041526007016115
9.041526007016115
45.49342037927099
47.61133647328252
-49.136216407749934
37.717561647385644
1.9403352792152668
38.80238276822372
-1.6738748330069746
-1.6738748330069746
7.106646930954719
7.106646930954719
10.79268912237313
10.79268912237313
14.909821133906522
14.909821133906522
4.822355098917591
0.2586036682105361
9.821344774019172
6.756226180643896
-8.414961287534652
21.15630984502555
1.934155704375959
32.782113339326436
-15.080055011551522
34.76365683625802
-4.261036901417528
36.71283579909356
-14.962717667225418
34.922975355163395
-24.561150119966104
27.61222416522767
31.68760185065072
32.44176165196739
-6.02412935440938
-12.636042584482292
0.13054728903816712
27.66966891795791
6.149194181528351
17.70093084307067
3.1964925911166078
19.183877558492917
10.019491430252678
10.019491430252678
9.536121054638121
14.734416506575794
2.9507195456197235
7.890542977089131
0.10846928070617881
18.264425169674926
-3.5180235147649834
33.60980740980402
5.909864933809954
8.645518240255138
6.841209388078988
2.635136455019661
16.999647294592034
2.7122573266045316
6.91063374697893
3.353813844358148
6.167397453242047
13.84287419115218
8.287236539004853
10.689935431546376
8.737488649926666
8.971616620875748
6.375491952646783
19.33315238967786
8.428860198834704
19.217949714273338
26.737735430506255
26.737735430506255