-3.959744436179534
-4.1321131948476015
-4.580119359946912
-3.976365867989153
-1.0470905567143793
-3.793074748827644
-4.619374663116953
-0.32726207137099
3.2389600134405407
-1.5597489395361896
4.757556625027941
-1.0758027209889667
6.483300439430156
-2.1899615816797717
7.243618371075218
4.727071877395154
4.611304405110254
-0.24887497209025958
0.9274407700053359
0.1110348265585307
-0.0025713810641773954
-1.2016733469379313
0.3706202497911288
4.165026504250735
-0.8438774861814184
-0.3315062216125928
-0.19294174619008908
-0.07362223219482053
-0.9997298619048197
-0.8579451046835033
-0.42751789199689066
0.12230281806266254
0.0492640103713323
-1.8473879701920575
0.1358920414744708
0.6028204498759613
2.756315230267463
1.8665076913799536
2.0592109268335896
2.1848664368584494
-0.16542060447152834
0.04008081207750302
2.7727966502614785
1.8381981497896838
3.4743762345328064
1.9000851600395505
0.6195831253021621
0.38077089337872166
0.5191436934967231
0.7774625031147708