-8.74452377318278
-9.173700694406577
-11.361915988516765
-12.689721780984371
-4.968792433524
-9.685157879603446
-11.200503214813505
-3.0125519581448543
1.7105012055837796
-4.506613510067644
7.074107292825384
-2.6833563804720395
8.988492344659324
-5.327943692969072
13.599442172355074
1.2508299508914233
1.3421310149395447
-2.550785127119309
-2.7132765307704383
-2.0789309920656946
-0.7310572022782712
-1.57338232142361
-0.5379208898470649
0.2568680627355718
-2.251482780212058
-1.3791580774707835
-1.09741772390196
-1.3558099082127988
-2.710833349908829
-2.6792306356369218
-1.6902777622232805
-1.0581906398369378
-1.844645837501314
-3.848581445812766
-0.3093556832155281
0.7642364998064034
5.529772642448144
4.226520177703967
3.327706544428049
3.6007520238764044
-0.8704662026575102
-0.7212503536073528
5.531704419960987
3.7766772845924925
6.150390546074986
3.831771267912287
-0.49595899863705967
-2.6228546164004056
-2.332440543941992
-0.07211195661802577