-8.33004068923405
-9.294268114073004
-7.593392156520789
-13.636497472188776
-5.97597120539142
-5.575554845117128
-14.727514458644647
0.9922281564252016
-9.356601776215486
-6.938439093423876
15.148663107271682
-5.44404703911846
19.935958013384525
-3.419526750900728
-0.5282827282963681
20.949260450872544
22.43645999060123
-9.370450284695066
-13.57059704570725
-10.334039532311087
1.4223614869322212
-3.003721973686696
-9.613134586948792
17.641564061188014
1.5071656389086718
-0.7782354737834584
4.399296960030997
1.0811600662872147
-1.312007655710534
-3.3089790192251205
2.9517842624246438
1.7352044955414465
-1.0521164138123442
-9.380938479480923
1.4947528723024535
0.3241726937152798
-2.152079176555325
-0.4271375998677282
-0.8062531481276941
-0.3787421800718057
4.4781654990797275
2.39113333600422
0.5312414358719002
1.0646678600313717
1.4023414219299293
-0.051075513126612945
-8.161241245103755
-12.37376939724421
-7.973416338623853
-11.720191207593178