-7.392769192564509
-8.277538846877768
-7.689390451538335
-12.810360428633361
-6.222778872963704
-8.769080890436072
-11.303310878993349
-1.0517022575026835
-5.858158795539632
-8.048948409341817
8.58406032417964
-4.918304469520889
6.20767283532585
-4.09739646312904
6.967672881295484
2.1500435355427814
3.522187942426366
-8.005692920351953
-8.209585209115819
-8.83690714375732
0.31479142579302744
-4.057893481307811
-7.975212270984359
-0.20539454665051599
-0.7486477705197794
-1.3602813386517763
1.5233058123015577
-0.33049548004171647
-2.5243793434842523
-3.148343474470273
1.5566592004346085
0.5708391716363768
-3.206261351839147
-5.429365197943082
0.3949946776758202
0.6370364101398872
-0.7567539390158076
0.029238180438612007
-1.2085809025217507
-0.6488310798297091
2.108469144664056
1.1637578946509612
0.7410078416267425
0.4791600249204227
-0.7024298088971299
-0.2432314905898278
-5.402249882345895
-10.370228008636502
-6.86842094920943
-7.459880084987422