-15.72281050930838
-17.571806960950703
-15.282783235568667
-26.44685852833182
-12.198750078355124
-14.34463573555327
-26.030825965147468
-0.05947472858716361
-15.214760571755189
-14.987387502765763
23.732723431451184
-10.36235150863921
26.143630848710444
-7.5169232140297675
6.439390152999046
23.099303358905644
25.958647933027454
-17.37614383255677
-21.78018225482293
-19.170946048559284
1.737152912725388
-7.06161545499395
-17.588346857932873
17.436168887027886
0.7585184958985044
-2.1385161849254835
5.922602772332346
0.750664586245568
-3.8363857441758413
-6.457323121204866
4.508443462859252
2.3060436671777538
-4.258378393160685
-14.810304304933757
1.8897469224685224
0.9612091038550277
-2.9088337430807445
-0.3978994194293252
-2.0148340506493057
-1.0275732599015845
6.586634643743645
3.554890603145569
1.2722492774982945
1.5438272574421823
0.6999116130327298
-0.2943070037165104
-13.56349112744958
-22.743998033390184
-14.84183791534279
-19.180071292580493