-10.869199222589522
-11.479241536291404
-12.189031520906923
-17.952208581896333
-9.536382856019436
-15.402094714303354
-15.764420102218347
-3.7774364556985027
2.2856678889688395
-7.919183689358929
11.181304418635559
-4.636418784110919
12.898105265483466
-7.397334941455399
23.97492281125954
2.57982402871941
2.408054346525299
-6.753829784382838
-6.114001505771694
-6.407346785826692
0.47506740004011416
-2.7880281565532985
-3.9096339135286926
1.5800714145731432
-3.0763107390510895
-1.8417270903623688
-0.5437131821012484
-1.3181717354567783
-3.718359140210468
-3.7955970423293226
-1.435455875130322
0.06427425930236397
-4.624709017720102
-3.5119833424282754
0.20979053789035768
1.4936596207541761
9.964358757831246
8.107488220220938
6.829895458482764
7.486992357163652
0.20652752206386651
0.5274118906095397
9.72772604294024
7.628407715194546
10.18200675645082
7.7265057557187395
-2.665214027386174
-7.00065308761084
-6.300567617406809
-1.846282288934892