15.796580533260332
18.269765136684697
11.227024541674693
32.63211609467812
26.643842564397815
34.061538946611996
25.541019612995296
24.064263714784055
38.502737857463686
13.188487649306454
9.14989259704671
6.388235573669133
15.751644573548903
11.575110369820074
7.620287843787175
32.88158252025763
27.95496731404815
20.02266289184437
37.69274224217715
23.402987865484086
40.39616637863362
20.708455539769272
31.621511948103073
36.30666775086394
8.820104947704632
10.537849617320528
12.854225856890631
16.951417751976333
12.108336618314414
14.794165386590262
-0.05488198613741017
4.279163392353713
15.827014747021842
26.0615827186536
7.054023216931671
11.467862710808154
13.066229961625842
9.360409504229066
16.838001673876065
20.386304681838006
4.249977922822476
7.737814109270348
14.820012505396285
10.995398213055669
15.126394047916968
14.23443940925783
10.217273808421549
22.844403955529422
18.512272481216435
14.087087614341167