12.88772434290508
14.911551635801615
12.246781924023
21.112634283588925
18.105343617255798
20.231749045777864
12.49533127772171
26.833004857965154
22.063089816853505
5.643233828820769
24.081738676449053
0.4356360070235858
29.70721651795686
11.936519600057016
6.579346053081213
51.21912910548051
48.50098900092708
8.393985735076866
23.946627817603204
10.747633162254138
40.075163165426126
16.692179059120168
17.959399194307036
50.015071594362226
9.02588032741164
6.810657018130512
16.561636937584918
14.547102718609692
10.892803978520838
10.223320921039088
7.431852777094368
6.8858694612538915
18.05468484652159
13.677515907723913
6.311679303899947
9.486969083490727
5.76400866223688
6.9391877142160485
11.857206389349491
14.966075556221217
8.637405553321742
8.809198411823713
9.867092864679329
9.321790608121875
6.28911650283243
8.097003558339276
0.9304536241429687
8.624035861455987
8.119546391154739
-0.983576487612529