36.6724142079934
39.57041839097023
42.43817912324133
26.051024870393896
8.852540289478105
40.020564256337444
38.05936282029634
40.124594673651536
-31.360865184987436
6.828470553041626
21.769123653855292
-0.8936005963511408
29.525235314327926
27.25079993124984
-61.0660664759796
70.61853594873394
73.34487610648546
-5.497694713909276
-29.956712770608714
-7.893927192617282
35.49913448319648
36.05406691500696
2.2443977553199694
70.56394575458613
12.651266674805436
4.506917359605677
14.93547677438832
8.5741789311906
14.1878028986274
9.605976585432344
9.26898700888733
1.9943446085408985
26.05938392540147
0.18767493162468896
2.567732724056132
1.9427664601111934
-17.655724442064546
-3.8247316366268977
-9.157104564590703
-7.209225156304262
10.536830541942624
7.764375333930021
-13.292520576703579
-2.959434858924862
-15.798751716348145
-5.48825006751831
-20.082227354255597
-20.0054427745053
-25.147332037830378
-21.923723184160952