5.493143869102552
6.75855973743141
1.9400048758770536
10.032351933728812
14.006343925554075
13.341124157733017
6.271984915845785
22.24685445345006
23.582056915725417
1.2166177380881196
24.31153285678843
-1.6433050885733116
29.634022156919535
5.315161270524957
20.727461663521918
40.89122858266269
38.818475092703615
5.681374162384189
23.614505266770784
8.097007827890932
39.01194901850525
14.829672061842055
16.540311811290294
41.35412543292827
7.128532864200229
6.118986753586795
15.004314873689212
13.745157380946441
8.314531278926633
8.392676974173401
4.807701157410062
6.048457009657809
12.710062491616734
15.674478004178194
6.567658311714304
10.495242963707309
10.501948296129545
10.330336769709367
14.276895348589475
18.25573305659508
7.961214314354128
8.592642746721014
14.537582720265384
12.130399965055146
11.21986393473739
12.233803294537518
-0.4347848737393846
5.601554889823031
6.047794367619432
-1.8777880235037747