0.07377002395195154
0.6979581757339939
-4.055758693893974
6.1852575663463
14.445092486042691
19.716903211058725
-0.4898063521521716
24.00478898619689
23.2879772857085
-1.7988998534593093
32.88261602849789
-3.974115934970075
41.895275422259346
4.058187155790306
14.05967799678622
55.980885879163274
53.913615247075604
2.6465190592875985
15.912559987354216
4.232041816924801
42.13331929135901
13.646840084775322
14.033165090170202
53.74283663789182
9.578623443603135
8.399333432395045
18.776828629222976
17.702082338221903
8.271950874138573
8.336842265385394
4.453561476721842
6.5852070595314665
11.568636353861157
11.251278413719843
8.943770139400193
12.429071814663182
10.157396218545097
8.96251008479974
14.823167623226759
19.358731421936422
10.83661256656612
11.292704712415917
16.092261782894578
12.539225470497852
15.826305660949696
13.940132405541318
-3.346217319028031
0.10040592213923816
3.670434565873646
-5.092983678239327