3.3499196
4.06990232
-2.0099517600000003
10.16975592
16.209610960000003
25.019399519999997
8.51979552
18.65955216
13.539675039999999
0.08999784
14.68964744
-0.6099853599999999
17.86957112
4.26989752
19.749526
17.37958288
15.76962152
8.5497948
24.22941848
11.3497276
37.139108639999996
17.029591279999998
20.93949744
19.3995344
7.0998296
7.13982864
14.11966112
14.78964504
7.489820239999999
8.30980056
2.2799452799999997
4.479892479999999
8.97978448
18.26956152
5.96985672
8.77978928
9.86976312
9.17977968
14.459652959999998
19.26953752
7.21982672
7.1198291199999995
15.16963592
12.239706239999999
13.87966688
14.72964648
2.3999424
8.56979432
8.699791199999998
2.28994504