-10.678788312189626
-11.222912604669423
-10.939608787814949
-17.76353718823759
-9.32122677253589
-15.584266006258906
-15.380750201895989
-3.8502916051462375
1.152666030020787
-7.660006857054345
8.980005068899482
-4.479102459959052
9.665673357615454
-6.603104301698665
20.61332946105924
1.5459180973332105
1.3972234213280743
-7.11485604051069
-6.237721568607611
-7.449514723942829
1.4432521116344161
-4.277706843481639
-4.996174753811132
0.011232697228238737
-1.6203556301086806
-1.0748089886922236
0.9986582958322064
-0.46399834789236527
-2.4046582867496005
-2.97755943220973
0.2634610584436515
0.916231315731172
-4.025270853157407
-2.5621379133622106
1.1255675730958445
2.169764558353844
8.628446500683243
7.50184972656748
6.427041451981641
7.012750719543434
1.8092978330481064
1.6250897730727614
8.615445048533282
7.07165668036811
7.863824260082664
6.562153831652682
-3.4342342854550756
-8.578577215925405
-6.671833213716516
-3.849622319765203