-15.040166091905542
-15.485166060762037
-18.829481210701566
7.751331194179398
14.221595761301693
-10.103657330956134
-14.363528327761124
-10.279037857541525
51.71345379625716
3.3213767858467866
-4.761492270231624
4.012592983846766
-8.80651114103039
-9.986336638223753
54.04597035670574
-20.650236794144842
-26.186018120497927
16.44246557610545
56.616617118982354
20.720491346937113
5.307085884507925
-17.788505534463184
16.25292232883413
-20.805742222959474
-1.3739035671817381
3.6828977359956188
2.723577887098558
7.32873369563189
-0.5841655701977322
3.2965749712436643
-0.14685646956968154
5.949715492549931
-6.160053241378566
17.33842242191199
4.053302263059343
6.77996612357313
17.88996046185328
6.5373991731389784
17.686604409512146
18.574548688649074
-1.0289587859633724
1.7660734315010447
17.62790902142192
8.504548182454243
15.937477673105588
9.753482357945298
21.508639977035624
31.252333252361694
35.59931897292711
21.01225865316645