-20.87583367473307
-21.300653254285532
-31.21115458156664
6.581091224284222
17.79130227491971
-5.959025309725451
-12.518343207301042
-16.060330958867482
69.86360304245113
6.360017096264828
-12.61923105680858
7.2818361700202745
-13.773590740779023
-15.675689561429767
68.68635431976678
-37.736953428476305
-45.3899087924373
25.520357605753645
67.64945501278586
31.29691505810137
4.897031895437148
-15.34561137523769
29.377114192783104
-34.2572780037222
-3.8311617271008047
6.030932257714852
-2.08125091749769
8.377238820785733
-2.0794662803129853
5.188188801157915
-9.323868995024739
2.2848187838128147
-10.232369178379628
25.873907787028912
4.486290492875539
9.525096250696961
30.721954403690386
13.185141140855965
25.995106238466768
27.59552983814227
-6.286852619120149
-0.02656122465967357
28.112533082099862
13.95483307198053
30.92514576426511
19.72268947677614
30.299501162677146
42.84984673003472
43.659604519046816
36.01081079850212