-33.20742441072234
-34.67523243228419
-41.66075932728151
-25.430281263404552
-2.095161851262143
-33.093905234911844
-39.70581478966781
-16.5830610025342
50.232587930781285
-8.31422946324763
9.374587911426914
-2.5551528835619335
6.162837845162714
-21.939709627113444
83.50847542100509
-21.77453475099181
-26.81867040747447
5.586937498301443
43.09185312303262
10.145845226640485
4.868086630811306
-21.1407096956949
10.568373909979263
-23.332460283278618
-5.556042100263739
0.9260723090744108
0.9253126717341654
4.1623879827992525
-6.038738335455143
-2.381435134338313
-3.439139589818027
3.9732023663945095
-12.932482579179805
11.465607233232246
3.7548985813688005
8.702968973782331
31.91128638518741
18.634220851823013
26.184923698639206
27.83669523467683
-1.6454606943491978
1.2785712838311614
31.35231539975812
19.2516410815689
29.507838977914904
20.25626971482234
16.219479400725525
18.311554506098577
23.278857066897707
16.65476700690882