-18.38641908423246
-19.04497025263027
-22.990331236590116
3.6345695300062943
13.598568780081298
-11.361855145817374
-16.20668710379094
-11.166805376645403
51.46185526639381
2.831720771844118
-4.128687444453222
3.76808263190648
-8.076151052936279
-11.353787222150334
55.37771944058472
-21.53173092573915
-26.839910788444964
16.048979576374283
56.10409736493861
20.37323078371004
4.881040643867187
-18.418162514376395
16.277126805784963
-21.768840314464185
-1.4293702591667237
3.7834580669295703
2.3673682073669804
7.214539974028504
-0.8877255864136101
3.0419497556840627
-0.5016110381145124
5.673724869771919
-6.147872342047986
16.76950404636502
4.046461044035918
6.974874834246921
18.458988815349024
6.959722813334152
17.978574744567528
18.87788925786828
-1.087395572936192
1.6728574028133603
18.196130252046288
8.716425362203013
16.357567983569318
9.892317326383692
21.387841305670232
30.819082741759434
35.5052778940265
20.914569040413035