-20.500482026701224
-21.588946048869396
-29.558565459549328
1.7448642515725041
14.47503040861186
-11.095174092345522
-16.406627702554566
-14.027448615055237
53.79025607069207
2.048154042100838
-6.437595865966346
3.7293979677368814
-9.556886515023844
-15.332534359026218
61.18019867844228
-31.27322546340445
-35.923624435109915
18.293924916804155
59.80893960598711
23.440449744451044
2.0695624236743573
-16.946688009683267
19.292088809781458
-29.221053018886096
-3.9023781804965267
2.6868783826733424
-0.9298201965313152
5.634976797648207
-3.4686133329511657
1.764259820950787
-4.724746909920919
3.1378810853857386
-9.324050580627327
18.048940985915717
2.8743580145623278
6.3827119452422725
19.529226237510848
6.653218679768785
17.00695846119854
18.452207493355907
-4.384914060636603
-0.7968223602817698
19.214658248435683
8.018178143611896
19.15479139100287
11.159899530403145
23.081676765971288
34.18557488025374
37.86695961916632
23.895557480422383