115.38636913345717
86.52364553477949
62.566443561491724
36.55517205552889
62.55524650806262
35.720515080615726
59.953145745636235
55.76095974221211
33.19526608606538
4.825146754659105
24.83816718146661
63.89413665951815
86.38631092915038
42.582587811791754
25.379501787954165
31.717484236169163
61.13635973483547
66.76714437077582
89.67149408116697
41.56508415952241
94.13224580466384
73.92792169140823
28.23476346986752
87.80120598793657
34.29925303310468
63.218890800702475
46.937539636327955
63.94982615505759
58.74400654158239
81.78570227953325
77.20008177859148
76.10869789670826
53.455477765117095
76.9870037099579
15.664879172487986
81.92160617466374
80.78934130247644
36.02012930479471
41.97595267043323
-31.473374576071304
32.1362600835244
79.6826106395406
70.02299360196352