157.03542490417496
122.66553308727117
76.33888659168048
66.20943263952012
118.94372752587716
69.01208173054385
88.00811696728384
93.20902245801395
60.50536748736572
35.65270020278847
44.39208415435132
98.8315513767503
135.94006907814415
86.8994940982155
45.91597931672918
83.6143684022291
90.40746441848944
115.83202123973858
142.57801105336
75.69968469248455
129.08947098615553
111.04674818072307
68.94159323591073
116.95243403703512
51.952380384263776
90.85870256718447
76.05839439541506
118.70320064604411
93.75206940254789
101.96400658401033
120.55467814812249
126.1456446587811
101.9631314353322
120.59650302450201
50.23566578107539
114.94512988084814
116.40837976834622
71.15180742383014
64.28045843092892
-2.3028185730086186
61.771812820384184
118.56434301258693
124.4263665579303