164.12028292672565
182.1857284406746
182.28316561511295
222.02258864587384
113.24630641796116
158.22685746640408
77.68002652931678
149.32269761306364
91.96867774445526
119.28554376470105
117.98935248745076
157.019333289982
125.39881657185897
218.35235990307152
170.11731711800797
356.1328167245859
158.12904441373914
136.3392392998137
189.5780521014515
72.03974030802844
211.2463173987386
114.71559181477072
307.02052247724697
87.1985082017443
92.51118987953416
152.10603634674902
117.7442428607476
98.1725924250264
93.23862217934001
79.13023061542614
154.8254858220938
220.7089143247724
138.95381121986622
156.94391542600314
221.7970071166782
33.03914138562503
279.811698543004
156.5502209481358
76.3028626734626
233.72981048588113
179.974127472315
145.1478037192745
131.1607925845706