90.14055916338367
100.19435920129483
110.23960251884539
117.46820830790881
36.02897092516252
84.52415972100636
30.932759965267195
76.87090942755715
39.52633584441461
46.920150467905984
64.74144832730758
81.89136994340774
80.77959619572636
119.79479099049486
91.04872049156526
186.9331959425236
73.61651871997566
58.31352904906515
102.22114730906236
16.307828886962994
125.81851253585451
61.897438204303626
154.1148224602594
31.24796491986034
51.05047298515775
93.65037198977761
61.83031852674687
42.07358414630345
27.70006853827044
4.352210525177555
68.76121307273057
102.94011324988433
61.754313313820326
84.49414091867524
121.01314472690396
13.055999673404738
169.6283704539896
76.94478487303697
27.8783891849546
117.60400388673098
94.91429923549093
67.31888172156097
55.065851438756596