73.97972752839904
81.99137300443716
72.04356811634396
104.55438284800351
77.21733925785577
73.70270339298402
46.747272211635675
72.45179195056387
52.442346920117274
72.3653989443813
53.24791106274814
75.12796585661206
44.61922665122824
98.55757016759583
79.06859662644278
169.19962454711967
84.51253071384029
78.0257133882963
87.3569047923892
55.73192020619938
85.42780486288423
52.818158630543856
152.9057062920832
55.95053951682692
41.46071626686689
58.45566561199115
55.913929354077375
56.09901078876115
65.5385580336365
74.77802260028683
86.06427525940099
117.76880421243557
77.19950167110322
72.4497763898571
100.78386615483149
19.983146104786947
110.1833331090907
79.60543607509919
48.424477253565385
116.12581224673613
85.05983325690025
77.82892388024214
76.09494051830434