-2	-4	4	2	2	1	2	2	1
-2	-6	2	4	1	1	2	2	2
-2	-13	2	6	1	1	2	2	2	1
-2	-17	6	2	1	1	2	4
-2	-4	4	2	2	4	1
-2	-10	6	2	1	1	2	2
-2	-7	2	4	1	1	2	2	1	1
-2	-17	2	6	4	2	2	2
-2	-6	2	4	2	1	2	1
-2	-14	2	6	1	1	2	2	1
-2	-12	4	4	1	1	1	2	2
-2	-11	4	2	2	1	1	4	1	1
-2	-5	4	4	2	2	2
-2	-9	2	4	1	4	2	1
-2	-15	4	2	2	2	4	1	1
-2	-19	2	6	1	4	2	4
-2	-9	4	2	1	3	2	2
-2	-4	6	1	1	1	2	1
-2	-7	2	4	1	1	4	2	1
-2	-11	6	4	2	2	1
-2	-7	2	2	2	4	4	1
-2	-3	6	2	1	2	1
-2	-20	8	2	1	2	4	1
-2	-8	2	1	4	2	4	1
-1	-5	2	1	1	1	2
-2	-8	2	2	2	2	2	2	1
-2	-12	2	6	2	1	2	1	1
-2	4	2	1	1	2
-2	-9	2	4	2	1	3	2	1
-2	-12	4	2	2	5	2	2	1
-2	-8	4	2	1	1	2	4	1
-2	-11	2	6	1	2	2	2	1
-2	-6	4	2	2	1	2	2
-2	-10	2	2	1	2	1	2	2	2	1
-2	-20	2	4	4	1	4	2	1	1
-2	3	2	2	1	2	1	1	1
-2	-19	8	2	2	1	2	2	2
-2	-12	2	2	2	1	2	4	1	1
-2	-5	2	2	4	2	2	1
-2	-26	6	6	1	2	4
-2	-16	4	6	1	2	2	2
-2	-11	4	2	1	2	2	4	1
-2	-7	2	3	1	1	2	4