185.8396267297328
172.27523578745902
94.89893875276607
123.87815897038186
185.74630006482374
111.14485006097769
102.89513306090865
114.02305504486466
81.60685561103801
68.40528884959647
45.27994673049475
125.32069943220984
164.27964121530334
141.63589428241193
87.40690913728432
197.23863367882416
110.6621345901092
163.84356254107792
203.00860100758376
96.38037513927515
178.38740234295346
134.67971359488308
151.28767419370513
112.840374918835
66.83662702029373
121.92684405348294
110.73984173320851
159.42266734644406
104.55562463482863
109.90171189072282
187.101199594717
186.1221396128299
142.2465895844446
153.9356539722313
92.98030550764732
120.83261912834315
163.78146092946125
107.42598702368743
68.92953809892543
57.47716297656503
115.60744591710237
160.5240286987296
165.2682975885683