743.9050909159321
583.7456188391803
378.12955503887224
161.74839530883307
38.63465919254365
226.1046086148918
506.1817474666735
553.5055064359556
302.77333759964336
-50.0463409728929
195.82621812881766
309.25641496811267
-123.11320273323966
181.05031327049858
70.73009773590645
9.258313698867948
535.5153658342578
462.29491483330025
491.254418276373
180.3957015723052
627.4769357782769
612.3200698656383
-45.24070333406015
1016.1976724714065
242.9864167310173
235.23514881680882
0.7409946638350907
222.33870411690216
623.4220380275568
1258.268289200117
407.4842828276791
495.9114177253127
192.58499319904118
401.55348917296396
26.74585679366544
527.6920911980606
386.6185733921286
-52.02650386505155
395.23411649867626
-590.7223203277148
22.333429196063538
638.5463110927626
293.9786969899662