767.9341897035505
623.3815087017637
434.88252533226085
288.2452134457396
43.99169214034783
301.40188069802105
475.1042302590262
585.3894399768865
329.7832981362057
-15.430806631870077
242.93076966046277
380.75470463120257
-68.0122779264675
320.0445417046356
147.22759104296077
209.96182033823067
583.9743917881669
494.77828785153764
549.9117084341282
197.07696704412967
683.0734746372534
617.5537200928727
149.2183678443661
960.9106043162474
284.29421745727154
291.47808080003
39.15343827391284
251.5240803408005
625.606624845532
1172.9929383896917
414.78198496760234
586.0225595341826
234.9488733161207
428.4279373973533
163.4291769704372
482.2150467851741
522.5677717284663
58.57159761448357
388.7018660690701
-400.7220903107165
73.47365690608912
647.3462521767233
337.72104873861383