-337.12956570327174
-100.20004883021056
-48.41891061598865
22.658740819395064
-597.6860662540544
-87.45802419277585
-169.42698945848917
-67.9644566543216
12.776119114488338
-161.6391233047182
13.23294732930492
-222.02082095154952
-680.9066696180828
87.06130260910324
43.96634499725278
30.738697613804653
-66.78807577738371
-199.36262920284867
-135.01024621535407
-309.0506050103265
-78.57468322397638
-132.00304783877655
-2.125859944386968
-30.723443483894695
-18.938253581192097
-239.79221109314918
-348.387127370418
-359.4615936703696
-67.44161317860427
3.4630163005042585
-258.8030675302785
-99.88532392038917
-284.1573547309569
-368.3478682465223
186.52903084033377
-341.2990278743742
-14.39680248799171
-206.8101686850419
-59.01019769268111
-66.94478248469422
-157.5498022614709
-251.34638648911107
-417.9840150042543