869.6401333368094
721.6868543692551
489.6003336776314
358.65252789193727
165.4560236869232
366.5042722487479
553.1802080239959
655.8665973446309
380.6068232403171
41.1589360178478
280.1772323654656
443.53665940135795
-2.307735035535811
384.0575602893868
209.70622589528622
329.2168285590436
641.9181878984816
596.1110032657268
650.69750829732
257.342685349281
792.3659235679331
697.5828394714084
236.30545007084459
1043.0204494909303
316.51762142051194
357.87370835483046
112.02643607369589
339.49254976375175
691.2842232151417
1279.8586787461995
540.7830359487831
689.0080575780164
314.1762500632849
517.2952808419367
210.7156478915928
546.4931789427678
604.3126303928333
103.2500419538727
438.57312919034683
-356.3235381982051
154.44110890561296
748.8438474107486
427.2456648906135