908.0253738426577
765.9313472798549
560.4127206539852
383.7709839547069
151.88096561050483
384.33146608129584
583.8617739959903
702.8282040490192
394.7420153440986
69.23920279180815
313.8155706162684
466.27574825809467
2.285613838619306
399.4026731735701
240.84741485391442
365.39113042345383
693.6444102479969
598.634154133114
680.8324703778245
252.43544188033366
838.7232531770155
727.035661680409
261.7798191431868
1103.3961806731509
335.4976066105515
387.34118516355784
118.48523752458269
320.5112965419286
716.6606602068969
1337.3985198155428
562.309768649773
716.620332050085
331.53880441890743
558.4974045989671
248.54286391034364
560.7312325836856
666.4302719351326
104.52371708308425
471.53697917213884
-356.9925098418336
202.3075566683785
783.6941148120371
425.13948957453675