172.7650547807547
162.05403768926087
95.42531657100008
140.60786310493916
167.9969183244641
112.47599185177134
93.06831057396681
120.63245588730325
86.13052045469561
76.49056277393909
55.69481668853163
127.1222405913494
149.75490616223968
159.9997366714462
89.34452969217132
224.02327139836586
123.54965621283725
161.3739387694003
194.01853298265505
96.64153913873317
167.0571848410999
128.6120141677629
176.5934804808213
108.57105585445261
71.20371573125024
120.40762888187709
101.71355192060913
156.02679473093292
111.36686516594489
106.15060971833708
164.9421002365125
188.97739170890833
137.26003268597452
150.93820696613304
118.31240501071387
104.7088745112901
160.55016392032218
116.40291397872763
69.40986381509788
92.12934380939244
109.00147142746461
152.0791309701231
170.64674151586252