2.510649998744675
3.094049998452975
3.094049998452975
2.510649998744675
0.8639999988479999
2.510649998744675
3.094049998452975
2.510649998744675
0.
2.0943999972074665
2.510649998744675
2.510649998744675
34.186799954417594
2.510649998744675
3.094049998452975
25.83893329888142
2.510649998744675
2.510649998744675
3.094049998452975
0.
2.510649998744675
3.8222666615703114
0.
3.094049998452975
2.510649998744675
4.617199993843733
3.4369333287507553
2.510649998744675
3.094049998452975
3.094049998452975
2.510649998744675
3.094049998452975
3.094049998452975
2.510649998744675
2.510649998744675
3.1401333291464892
3.094049998452975
3.094049998452975
0.
23.982666634689778
3.094049998452975
2.510649998744675
13.808933314921424