948.0283305026472
600.9160244447031
406.962549356569
199.37703998682437
522.7340308685251
319.8478231602531
556.5231027502316
560.1448741731941
256.50181153435165
110.55561647005966
185.30573817680653
503.94397420600177
476.95432261347116
146.08374499731684
57.345266728978814
95.6087543221969
560.3550031470612
578.3088958146477
542.3439435961222
430.42788736197156
632.5586868750743
638.5100197509262
82.40263455284234
874.681613763107
251.28009065419985
440.4115893259947
311.4821712489158
492.282473365126
599.2961686215883
1067.5659155051771
553.0303743497584
559.7622387957907
417.1430966117454
676.1793026193735
-73.33551965097196
708.5689447787001
420.5561944481117
194.22995887569533
383.43160533082226
-331.47448925301364
169.25164634717584
780.1282956532474
631.2786971849378