1081.0346566192038
683.9456676693909
426.54846565486093
139.089654489438
636.3207254465981
313.5626328076676
675.6087369251627
621.4699630902771
289.997218485155
111.5927823318253
182.59327079951274
531.2772359196622
557.7934668848432
93.98901066139534
26.76375273865367
-21.480383914936706
602.3034416116415
661.6575440361489
626.2646644917271
489.4463065826317
706.0516190022533
744.3231177044148
-43.11484338967318
1046.921115955301
261.9246703122094
475.027359909958
349.1281220342531
581.8002977872718
690.8636512061612
1254.8052728996126
666.2873503579576
595.7967416457018
476.7423479299981
769.9013574194863
-159.78317404666834
868.9911190724348
401.0153758801203
154.78366481999035
454.2443141913574
-523.7775378430205
179.88323145753444
889.8926975818737
711.9627119942204