1170.3650212606879
803.8679524691673
500.14129029406627
361.74566285767366
781.1331141250225
482.0686688939209
697.2055232805552
730.9223399489279
374.99082346440065
240.4084129363927
273.635349804563
672.4351523342134
703.9563457322594
347.407512236403
168.6111972639342
359.49034334096615
714.0952721947277
812.7824796520687
798.933486483437
587.761685228704
832.6944240762613
822.4312278205713
291.90790614460263
1021.2688835395451
341.31615117514076
586.9584316754487
456.8956717383777
725.0992166700236
753.6478457192497
1191.47179011767
785.7575070060024
803.1198171574798
638.1259770534324
882.785103135355
74.89820136376741
861.943246782769
625.9251955985973
355.70334606800606
481.3508708494417
-208.13559538329386
329.91063163754893
988.1735267934199
871.295683184393