974.8141232520348
626.5583300256993
421.48068870999214
211.473198487053
550.1333929319405
333.9726658950462
575.7959092040118
577.5598825718841
273.65862081337036
122.2435187107663
198.93405017895256
523.0851978745322
504.11871238988977
170.1406454360239
68.15433782799556
116.94072113370987
580.2077345624954
604.1729402256825
573.4738049323056
446.66739651456845
658.4942337997962
663.1632403388435
97.90074028176045
897.6913181995877
261.6568046694046
457.45785808465473
324.9600838668826
521.9721556708748
621.8833931347341
1089.178857185178
578.2333275190581
585.7638831718299
440.5170484006923
697.9322559203769
-58.076647999741695
737.752203617155
437.0027325732046
209.94731357718982
402.53371826501393
-327.6251412992563
180.93202612378045
800.2951008826892
656.0578438963739