1034.0046442593264
659.8328655102048
442.59392772262
195.38592396760305
595.1451716165135
341.4863045897524
629.5388869085183
603.1985981116492
281.7001836711332
126.30749654862692
211.2494683476291
538.4352397615581
528.8440284203073
136.9965210088374
76.39535120586211
74.45485954687308
585.1566074630281
634.0996936991752
591.6892215300192
469.75175122087427
703.8834219508096
700.973873142422
61.837829534410254
965.1728371203725
264.2521592704538
477.2582905661026
358.70001152350477
542.9273487031884
647.358971227801
1170.2450527273581
634.644003242549
599.9159897894972
461.07357210826734
734.704942122326
-94.12578795945484
783.083332305852
458.15926896050286
193.65729666018697
428.1734630679301
-381.5080995229033
202.98943973961926
848.1111029297366
674.5829383790053