0.7423217631864072
0.7047614198135784
0.6992525886875874
0.5135833614064884
0.6450044229937718
0.9363556357990361
0.30246222212466994
0.758574683104697
0.48969630388124474
0.23817725876464166
0.45032028042181604
0.5344849857243363
0.7962980051429749
0.5059471605479028
0.8623109742090714
0.7743124477943081
0.6487243686913624
1.0079663484486354
1.0006150940337444
0.9979128910308366
0.9761191840625643
0.5445384582023101
0.31130414997253375
0.3835228980503734
0.6153799370024035
0.6466190967079403
0.5721246017523248
0.9722298547092222