1.4866546876104096
1.8573723651628464
1.6359302548629697
1.1814955009327517
1.437454189991727
1.9760600404092357
0.6271485713203078
1.6176878635759149
0.9510130034742127
0.7474123397382075
1.1375650337947514
1.3044118068540596
1.8306961769907757
1.0672462961860043
1.8664580767096592
1.710544454169932
1.4008976661320258
2.1692016659634623
2.152758581783704
2.1440032709628154
2.262728106697687
1.1862371677362435
0.8697383411411834
0.8474001328324174
1.4958700940880416
1.4727699492387472
1.278704802177273
2.3812655116021104