1.3849261491112024
0.7956319213152122
1.222227980432645
0.8914702013948865
1.1508362177914673
1.6905860557872137
0.6097309591460899
1.3567221044274138
0.9355615331187094
0.5003472577042314
0.8475897128831911
1.070543859551184
1.6085529860275358
0.9999113834776117
1.5454393295018272
0.8748324129210432
1.0221591074178327
1.443088755208461
1.6289382615936774
1.9030319273634306
1.0474866482785452
1.145932858089613
0.6219962610058426
0.7519610209965815
0.9968918074748875
1.1223021030791183
1.161999612863861
1.2284566403252184