1.7593931065508013
0.9865353896966558
1.4672240279052002
1.0443842410139488
1.3039949861389142
1.8556888410997012
0.9810760565246556
1.7573204424740803
1.1811254767430834
0.5787846976851468
0.9985660029809658
1.2691054546028513
1.9194707953067716
1.2823747717586287
1.91242574547665
0.8925752457300309
1.078466167746229
1.3415539433431007
1.519425293182505
1.8888539763647814
1.213762248958678
1.4000070863666343
0.8806927247018901
0.9458413947306178
1.1066181291364605
1.3095158152477446
1.3365821850992425
1.4226859093746227