3.1443186281522872
1.7821673110118246
2.6894520083378235
1.9358531873896376
2.4548312039302944
3.5462755243963526
1.5908070156706888
3.1140419193919864
2.1166870098618102
1.079132582898964
1.8461550883545885
2.339648686644493
3.52802378133429
2.2822849002171037
3.4578644474689
1.767407658651048
2.1006252751640573
2.784641443532486
3.1483641822857247
3.791887158747314
2.261248897237236
2.545938061927621
1.502688358198147
1.6978011607080754
2.1035080540826776
2.4318179183268804
2.498582425472541
2.6511419221902597