1.3764969663041817
1.1296717391318278
1.3263431298066273
0.8859177087811904
1.2502010940682267
2.095459429468334
0.37304032010258487
1.4697301492305987
0.8981511770809036
0.4710491871257693
0.782521472009892
1.0053957762440133
1.7096542609506218
0.9091632984237091
1.7612906038438285
1.5200683938450033
1.3792039854425946
2.307877263289946
2.390560851502691
2.4828239523399827
1.969130404019846
1.0297159841655634
0.4099119127473319
0.6282139306959209
1.2077430128515962
1.243469167743354
1.197867256101193
2.0969162035794136