-1.4502059686398692
0.8940128701416495
-0.9706192372245838
-0.8822156903738785
-1.055100849531375
-1.5611559339608334
-0.7553960083139825
-1.3087464885288087
-1.1472820036305371
-0.6195464636920766
-0.8827176980277449
-1.0540905589803848
-1.714506720214572
-1.09059279000698
-1.5618399193887806
0.11967234817759193
-0.650664662747772
-0.20384648054714716
-0.5396582216642855
-1.3301947652540054
0.8960899267520047
-1.3341731758814699
-0.5780178810084033
-0.9178080326727491
-0.5984495922514634
-0.7954436683893218
-1.1634403748310806
1.0575104859819007