-1.2274167659961044
0.4161818408146363
-0.9791566503732506
-0.7031167191121126
-0.8810268970071525
-1.2329733769777487
-0.11237662772756973
-1.7921497556896089
-0.7349675167952086
-0.519873839159393
-1.0394403523279694
-1.1635406842004832
-1.6441944754488664
-0.8286955355863067
-1.641006028491066
0.1829553268634131
-0.4385670276040947
0.2973202826813274
0.09663665290148078
-0.4198017984685083
0.2505615031565167
-1.1350312041352444
-0.2564039378460685
-0.8430457172639284
-0.890048016211512
-0.9443587019006664
-0.9076982700696774
0.9136155553001545