-4.474015150850366
-3.681384607750319
-4.020289970935426
-2.8743364049905806
-3.669593075870019
-5.556532520337039
-1.061629458728995
-5.057444046794257
-2.673272301830835
-0.8710579429274066
-2.670520672396583
-3.0752969692204153
-4.770475139868976
-2.9210708070223776
-5.274009518655517
-4.230702711537808
-3.446421183117654
-5.179842296485259
-4.955409109867724
-5.014468427027981
-5.37249275152413
-3.4169577267413906
-1.424483724268911
-2.2792923071510915
-3.5645630354766165
-3.7844354826605224
-3.194786084533363
-4.453545789010526