0.07653487805513365
2.0661608669312486
0.5778282425822525
0.12548430661847376
0.17667223403399676
0.25559803230889094
0.15741039914190036
0.11225400170043587
-0.2808897988591855
-0.11161845250178862
0.13686489843636113
0.2018540767327924
0.1800644606089329
-0.1796067727217999
0.24883226689826135
1.013442888548436
0.3969738014287801
1.5093793633873094
1.3599916500502554
0.8799325370642195
2.164259580113984
-0.26853827529669033
0.28072717411794956
-0.0908321519058535
0.6791484135827679
0.5463244301587311
0.0608880168951765
2.6836223284285023