1.694112659512418
2.676180181153474
1.7188327711132398
1.0536374970157592
1.3997303543989195
1.9851195904355192
0.8354110073567065
1.805295430863178
0.9694050062312732
0.4595861192068875
0.9634373903268435
1.2855581276641084
1.8135170611197178
1.1916921102101234
1.8960245280801193
1.88708000682864
1.4499606124162854
2.5807949629853386
2.6087059606214393
2.461692393493309
3.157338823989241
1.211764886046151
0.9246704771897435
0.7799931280353264
1.5050584618312144
1.6363742499375584
1.3351420506414604
3.7086524081721604