1.8069577131016685
1.2609236812449967
1.6770790110272158
1.2978951878444898
1.708578573395128
2.5899802000393968
0.8545003533030558
1.8072221029598534
1.4306672837895174
0.8043045671640366
1.1050490690921857
1.3760947320486765
2.148055123409433
1.3834669766585534
2.16351287952843
1.811425036490863
1.7565918731269878
2.6116412025412177
2.7564393516586687
2.960800240716449
2.078742177576308
1.4249671896321146
0.8087151837689822
0.983692761977297
1.424516576272058
1.5363777896234545
1.5592884190553973
2.2882083062016734