1.7599436972438516
2.2401940834021086
1.4052030656992056
0.9897241849457166
1.3511119888711394
2.3474991029500547
0.32210425968111733
1.6476064275287325
0.9872917815614137
-0.39622823597019396
0.493515286273862
0.6073444781658724
1.2955844874293343
1.0251289752500667
1.7665454134547915
2.703113584231289
1.6069564893815336
3.3079609132031247
2.899287180985501
2.4506633575966577
3.3603261479829603
1.0956893548699025
0.298341445281659
0.5888464570547456
1.178644925177063
1.3673068315211088
1.0083830122864126
2.9858958327085703