3.0238091822104964
4.575397477891968
3.049670733710842
1.9921207146167024
2.614492226338644
3.9953765863762056
0.30623345041501243
3.7486975582654476
1.525990298200298
0.25151147923533007
1.787802974368838
2.0212064102400302
3.055968419654404
1.8304780170153978
3.712169599266736
4.350375059715399
2.795756520369882
4.975995815938112
4.415750888203439
3.684273661773976
6.268582678276135
2.0827845508599205
0.8464658432605077
1.3614842744783422
2.966113443225153
2.9889918142712006
2.0313457097022822
5.511056274992426