5.146389783824159
5.856895732373309
5.039729043401721
3.571789099250731
4.569278556864356
6.8412104623772265
1.7926252447755715
5.424224613270433
3.2244973400156
1.3768899830720285
3.1028259415243578
3.66606528464453
5.58419794405154
3.4660555826408577
6.031461775381187
6.149620707933138
4.7663932635974104
7.959518036630118
7.690486191782474
7.387708349926537
7.973381573966017
3.8132528031650117
2.1588249018161463
2.6194625500941497
4.549923855943671
4.7089858489364085
3.9974753052737966
7.94510007138456