3.129146481127609
3.9231526952289735
2.9120543285944325
2.156460888189169
2.602538039325403
3.717725137808593
1.181001478971557
3.2379542561797243
1.8866826928883538
0.4654597216487258
1.7853269195388073
1.9832246358265295
2.8584194267379406
2.0496173554864
3.3585457872676217
3.9277991933041227
2.723618057748078
4.63152580655481
4.197730362258305
3.7326283863206147
5.009873616946876
2.195401098100161
1.3572011264020707
1.59605358231307
2.560847412340545
2.7235419458627073
2.1191531462780637
4.629062187706813