2.7435923158038307
4.48662179343657
2.9210392024904626
1.701925523764565
2.1376867365088876
3.222150352606533
0.3645395045678394
3.3624759455348388
0.9617152191821322
-0.04486507673841871
1.7023365017407583
1.9010563139045311
2.802484477068476
1.3579970576420244
3.359328906025348
3.432720563595381
2.0868031114194463
4.077580457331351
3.558961408259311
2.933600723375752
5.458010154061807
1.7234522618125858
0.8964957146178784
1.2047673932679408
2.8191948727873264
2.794382123195799
1.6963856823731422
4.848959811237355