-4.970807437001584
-7.28505008447755
-2.56507139442545
-8.139842398526248
-7.719761708419123
-2.928872060453279
-1.9931767190773908
-1.0701206018424465
3.0642591180017575
-1.622565952212186
1.825290941418953
-5.315774006623298
-8.282632685224455
-11.142813621657524
-4.261536690192057
-11.262539027659402
-1.3263676007976117
-4.673212429400778
-6.230673315341826
-5.2641483891235135
-6.818121765809544
-0.45152646737462254
-4.9760286271578025
-11.956782692597574
-14.29799146527185
-4.777053876674584
-0.6345085594134481
-2.4171693608865157
-1.8250775335727794
9.273044089149185
-0.7580328926057616
1.6880764662165837
1.4066119834193525
0.4446725688804976
0.05938848618611611
2.9943156762910887
-0.5176618522603538
-8.145214728752636
-6.521673409565122
-6.061674592999957
3.5364514192127787