-12.497964035521095
-15.091163227825938
-9.938728924279705
-14.240192239292085
-12.08427249715132
-9.36718580488904
-8.16422967404254
-8.052150773858722
-0.012573321202705582
-12.158184702768974
-6.033212595452029
-14.169747454465467
-17.569451544831303
-22.3831730427964
-7.808148215210089
-26.72614038478565
-9.035820417129084
-14.911467626119226
-17.114028730036033
-14.993440050217911
-16.965257127633983
-9.90857770362504
-15.61927247545705
-26.62301164027875
-31.78432542811929
-5.730827747766012
4.912899419063705
0.8876164700306841
0.6593467846350728
11.913007192081853
3.3478194256238103
4.034161835938064
4.811167455616833
2.1125119565813955
1.514553736292788
4.037631805044854
-3.9422772626720977
-17.688578233296226
-15.111400502124456
-15.178843741808498
10.605165075351582