-38.7617518411089
-69.63194345565798
-53.76019543481221
-32.83239141832479
-8.01609075376108
-23.966995340543626
-11.158486692621702
-6.360498396097043
-0.9034029231874613
-64.87422370261741
-45.978613161247196
-32.97937612011151
-62.24614338426696
-45.449638289906005
58.36141053853141
-48.27133605548524
8.268363402091296
-24.288065626993948
-20.96761761554049
-16.18646728303914
-8.29533941056655
-42.261939298361746
-24.676490279576505
-50.17220056482855
-61.004805227693666
18.10301262877779
29.866010656025022
22.79649234563231
13.244964764755865
19.412184568786138
12.761296083646656
-1.7965630078278185
36.42919903256926
26.186523009664896
24.001418004967118
8.773194843111357
23.231785059741615
-14.673900669347375
-20.676605664523912
-66.74850439696087
22.188755611867357