-18.668598290377545
-31.98237324344443
-29.61114890325032
-18.00620296389898
-3.5207377678331158
-11.153341741739236
-6.199503288364104
-3.4393322076334387
1.97852446497924
-25.302167511661505
-19.711552437104224
-17.229806093126363
-27.280515018944676
-22.739611114056355
25.61319325258502
-21.387299774326106
-1.3428817535720585
-13.178842827399167
-12.054385856491116
-8.79087680749317
-5.400991725678148
-22.775643968010556
-14.793565487420633
-23.446841371087363
-28.604609136290676
5.996254196899231
11.715605995238285
8.217572778305087
4.412382416885599
7.009770615147217
6.193957358872922
-0.8249679932451762
19.11445450042015
11.951611085735333
10.599398892515548
2.217351465967569
6.539739599305816
-13.096934632041933
-11.079435548291091
-22.53737043045434
10.659893324137645