-20.093154178240958
-37.649570839723225
-24.1490471590715
-14.826187826916337
-4.4953529859281725
-12.813653598804109
-4.958984659276405
-2.921166815972937
-2.8819280156764524
-39.572056818465796
-26.267061979162197
-15.749570026985078
-34.96562711030292
-22.710028430869155
32.74821665843698
-26.88403628115928
9.611245783172688
-11.109223427104391
-8.913231759049793
-7.395590475546108
-2.8943483123974567
-19.4862947028413
-9.882924792156013
-26.725359193741465
-32.40019671891316
12.10675905938803
18.15040528829663
14.578921449855779
8.832583602889212
12.402413326129588
6.567339352283207
-0.9715950145827815
17.3147451596583
14.234911923930396
13.402019739961183
6.555843377143927
16.692047970474245
-1.5769660373055823
-9.597170116232544
-44.21113522152571
11.52886228773027