-17.07119515462851
-20.626168745286282
-13.868877665233784
-18.912249880420067
-14.983684420760035
-11.708079813747926
-10.071435070852022
-11.136777204966123
0.6123000033653773
-15.369988391606636
-7.347801708147854
-20.949920100844462
-24.006665475223656
-32.19534405375103
-3.9348271711090104
-28.78980191376046
-7.964077599534221
-19.817582857351915
-21.71513884262044
-16.671757378570042
-19.681381628111964
-17.547807547211633
-21.98572690113307
-29.58769692132076
-34.78564642974751
-0.5971378042489326
7.895926631351523
3.592804290876792
2.6829562270386025
14.49151173636826
7.481427542144249
2.3103399207933846
16.862113924679726
7.044925862467735
5.601445530626936
6.9568758030859605
5.373671564604626
-19.200996988791974
-17.844096213567703
-17.84729826997824
15.957264995444907