-18.26549179661543
0.41509757392640323
6.621405575888893
-42.97632881195908
18.359185248937283
-6.71990575168646
-6.680435400298033
-6.916184467071831
-16.536062899140255
19.33206352058643
68.21532807369704
-3.2387462668316953
-10.36005105861955
-6.91078788456983
-41.86589416976207
-3.8755868938855786
-3.52518555569579
-12.2571442355664
-19.922035458734374
-11.670221993731106
7.851129785618691
-4.073208479510513
-33.93265475821424
-3.072123653520907
2.1397699490158453
-44.191551275596275
-41.35045154203767
-50.816426979607876
-36.71113531268672
-17.46769496729287
-42.735515743085244
-2.751836498749135
-30.059358274113436
-36.488375694121686
-40.69530018562263
-48.45854098245965
-13.256126904788571
-36.999971687974075
-49.117764875654125
-31.393663227035702
-18.831787798902482