-34.14539190334802
-31.845340916721927
-18.829408269057566
-52.57720626032012
12.353599991159012
-15.028525851763353
-10.118216682911532
-3.354917151303756
-27.29863010744001
-12.936267427611627
43.67542090184553
-9.18180303266787
-36.43578144409656
-12.111435562974199
4.304266949208743
-8.239426682873404
17.43783020276656
-3.844053212684555
-3.5284783241060733
1.3178467094582125
17.54632317898921
-1.776794349385554
-17.21176696104593
-2.9553610872238987
-0.05103756892985151
-26.208264391698407
-25.424231293808596
-34.96304108641871
-28.220961474136494
-10.035202113535355
-37.13300345375584
-0.8394863681704106
-12.66438156504144
-17.781572615589177
-21.17225725347037
-27.218398630044177
-7.351782780005739
-21.23961216433769
-43.05193583428347
-75.3095520303984
-15.837369857381642