-13.486523942365428
-3.6982181792353255
-17.891575165141326
32.05590606871229
85.36250057039233
-12.291585725268222
-12.878155306500975
-38.03711133151757
-97.54677274832441
-119.8385629199234
-8.444135732515104
17.349628416013772
-19.158302358461025
76.97998313937535
57.28837672096504
37.03425253546493
59.12632963182889
-3.9378333323112744
14.878878549687474
13.69467576612142
72.08501763282496
-55.67290983457352
-15.891051469998043
62.43062115452091
81.45387592573769
40.4929176851985
15.15870012262567
17.923544266990017
8.924912222127839
-120.85703038853362
-24.019893141306536
-10.655908638421865
-24.172636498434283
-14.150973735153187
-13.587531645930174
-52.37583404424685
66.99253156969047
94.33825424475911
3.19759669985553
-159.93530620931367
-18.49035733726863