-42.30484684271934
-39.93444519142023
-28.72124216899045
-63.32214542110832
5.755331844751754
-20.076926977512773
-15.744698113693525
-10.71373353600238
-23.164532822735474
-21.901714757280494
30.007246923393424
-24.051741054530982
-48.4876186968691
-36.81717610947744
-2.475608545037178
-29.18943029835486
0.9571860445699112
-22.990662766931468
-24.822029887673548
-16.815708018824534
-2.4405081162541085
-21.023738473598016
-40.06567532825361
-25.55329818947443
-26.91749230419074
-30.050636070015955
-20.468903942868785
-33.833976181656936
-26.958219558855056
-7.36382559209197
-29.43869612029838
0.21599160619457805
-4.618329588594051
-16.09165639550228
-20.48564771800031
-30.55235382306437
-10.298157919420492
-48.35845809890982
-57.45279579326167
-82.0212009842359
-6.775146469742143