-57.02724363772432
-69.21684588173157
-47.13878985892331
-75.80872023028387
10.343094495176203
-30.686901092230084
-17.838922092919734
-13.276682863168874
-17.439465822327715
-45.54216018203098
22.236714912449834
-36.21812238694321
-72.6061944428865
-52.36042617447584
16.495516368769334
-52.146922949370826
4.743177846395507
-36.54520986256035
-40.88965307427486
-27.856689276770243
-0.44420962494785843
-46.33514777787226
-58.609145037790746
-53.244324218349455
-58.86503527867782
-26.088538646818485
-11.484440886012642
-28.01993463397557
-23.466170547930854
1.944489601493265
-29.97421965943859
-4.548399506576954
6.369840758455821
-10.301852684456795
-16.693882180655507
-39.6853461393483
9.975658154953043
-51.67387235732145
-69.79437054017804
-98.14216762399657
3.3569678129648763