-43.0989656
-46.5988816
-27.5993376
-62.4985
3.6999112
-23.199443199999997
-16.1996112
-17.1995872
-18.6995512
-22.5994576
26.999352
-29.7992848
-43.198963199999994
-51.998752
-4.0999016
-39.7990448
-16.099613599999998
-34.1991792
-40.0990376
-30.1992752
-15.0996376
-35.8991384
-54.99868
-41.599001599999994
-45.8988984
-36.39912639999999
-21.7994768
-36.2991288
-28.2993208
-13.999664
-29.8992824
-1.7999568
-10.699743199999999
-25.599385599999998
-30.899258399999997
-39.7990448
-13.999664
-64.39845439999999
-63.8984664
-65.7984208
-3.1999231999999997