-16.431459894897166
-19.735425854454316
-13.401141271757751
-13.655239086236648
-13.251862523659094
-11.922690346067544
-10.10293638962005
-8.775146687125345
1.3515586777811923
-13.926421118943358
-8.104057594708898
-19.772600799653272
-22.186294563299064
-28.52133755467718
-0.032601897744203044
-26.350802039333356
-6.809540280785451
-14.959153863475775
-15.977885492969763
-10.97898857068424
-15.46117418089367
-13.00805615336309
-15.234475647658314
-27.1080483970233
-32.780878312034936
-1.6415638317520211
6.957570920526063
3.0090854660688793
1.7928098474214116
12.779661280438054
6.3842751970548415
3.1003298270980744
19.22983975976877
9.63562942791803
7.822094938348218
9.997273806691133
4.082837828436104
-18.282396183785174
-14.81042100602408
-15.371274517003052
13.112710993589438