9.82341e10
1.3787549999999997e11
8.166229999999998e10
1.453642e11
1.7328299999999996e10
9.82341e10
0.
2.844841e11
2.879083e11
7.329729999999998e10
1.4643699999999997e11
1.0843989999999997e11
5.48044e10
1.7004939999999997e11
7.576089999999998e10
6.25127e10
4.31288e10
0.
0.
0.
2.3356299999999996e10
1.2112799999999998e10
0.
1.29948e11
2.243449e11
0.
0.
0.
0.
2.2958799999999996e10
2.0150579999999997e11
0.
4.055739999999999e10
4.780909999999999e10
4.756719999999999e10
0.
4.35562e10
4.35562e10
0.
8.053519999999998e10
6.23081e10