-8.160903925461497
-13.055959509660665
9.000895820363468
-70.39292008974031
-60.924628082082
6.630245678393908
10.924168297631981
42.73434495407254
70.26071596208712
119.06048019508076
58.15276922981266
-12.361683994216174
0.29197245919576115
-66.70824565955314
-45.175961556546206
-18.547538833552682
-32.652679011933245
15.005247745745946
-1.2933281437575141
2.616610993554704
-37.57343732620177
63.804693188813
14.298556984409162
-38.76297060146605
-49.72058806654825
-60.97035432913089
-45.49583083549797
-53.77420182343941
-37.80522048089941
98.9088210829164
-16.460929738073112
5.78226043431339
6.69708747777601
-5.743110837017386
-9.099279343832984
21.119803609157817
-70.40203708702411
-97.88928817580057
-31.138132032014543
99.80459792072378
-7.952177595464593