-4.778967854249999
4.113315753161729
24.51298074103022
-75.03223488067137
-67.00331532145505
5.571679973581761
6.197719906202942
31.120926864445742
81.01070984918417
139.17062644050984
76.65946380621213
-20.58837468284547
8.798251299841473
-83.89077102394518
-99.15427089072712
-40.90983942935051
-62.65151518752468
-8.319310903255127
-34.80091400842185
-25.364897759852525
-64.23388784720626
51.599701355063
-18.041603288216194
-65.50274480804181
-79.31410597672185
-84.68446896079477
-56.509151664663335
-68.73997124659789
-45.63604753481456
103.38933542124074
-18.715622601778712
7.90407213967273
-5.886721775679151
-22.337401958968503
-27.10776853969245
3.917293061787196
-80.24865847447904
-131.3382259327332
-52.315361575509655
128.54164298227798
-0.3414304616338503