-37.52737565586874
-46.49965391340674
-17.799191390367678
-97.94035163824938
-79.82514321746748
-16.40978343181761
-9.868273899759712
18.739448062362143
62.785260921045555
81.52232767182367
35.02371991914064
-46.49597311928869
-38.78799022024914
-113.25552303302648
-51.379892884951374
-72.00685565384644
-52.398956324543754
-21.928701425200607
-40.62617662997325
-29.95648077004009
-72.04063325852782
28.81161160778614
-25.410276685959246
-92.39434777205508
-113.34231517416302
-64.56739540013747
-29.136025019180654
-45.18129235882129
-31.138692945239107
112.76795320780903
-2.3942667278141836
12.72714354201507
26.209413154052523
2.639481064528495
-2.2108035888229964
27.873648214060605
-73.30840415026341
-132.42761110067556
-61.82535714249335
64.52483927619039
17.371719723863283