-11.34132132870715
-16.06081764399287
6.25730127061873
-73.02482402087398
-64.15162549989945
3.7084372571095163
7.970846475508158
40.17278883241419
70.29940636547222
114.23752211282155
53.933328197665425
-16.51499070949915
-3.845568985140213
-72.62246161352552
-48.04848364004528
-28.47337716214995
-37.490704794114464
9.442667226163035
-7.635305206146601
-3.486622047209659
-44.50111048282871
60.03409701903854
8.853679066175182
-49.27566319296808
-62.47912467434736
-65.39536597955261
-44.39392424203874
-53.93558710721006
-37.51249397109502
99.6030702661827
-15.297236311844381
8.362817005143091
6.327112019783345
-5.81157554429183
-9.11073941478534
21.35165069706504
-74.10846342135818
-107.53776506878243
-34.86978171990746
94.19744868649903
-6.829450942634207