-12.386863005456751
-16.500801157730592
2.571474267908629
-81.72281240358396
-66.35530620198148
4.137349093822992
7.2363935824275
36.098524482640535
73.03068124780775
111.86326928158627
46.55544025061743
-21.628768670891482
-7.143021775109007
-85.2758216941756
-59.731383368258015
-39.872880794486434
-51.359603306473524
-4.093675571144418
-23.723022944391257
-19.53139521426171
-59.064351568185394
47.65722751433859
-8.940148210597254
-60.87587094697203
-75.59048991789349
-68.90198992346244
-42.58517498602052
-54.76660591471583
-37.67594162840431
100.7135435160036
-11.803078176046686
7.771570417518368
0.3244671500714625
-11.576312088267125
-14.720211010418351
11.826206414491343
-81.37352731754706
-124.41431615988375
-45.83997148709312
93.28537974208082
-1.3975001260629503