1.0461315620915563
0.5764267288569482
0.9938000402622772
0.8198371462676884
0.2957354853042181
0.38609769025699625
1.011502063614868
0.6610374171262241
1.092853536882926
1.3564885792549317
1.6762052278103945
1.592981834538792
0.88716403375625
1.1046682950363798
2.494100017381305
-0.8324976473729754
-0.009480357956571251
-0.6707718693912232
0.17142487573043708
-0.11978738700559859
-0.5352307538534371
-0.053425799355493256
-0.3438383764586133
-0.5674742934382824
0.18000672533822756
0.8303161373702357
-0.28833712562935765
0.2807967153588269
0.7116259753036098
1.0503060066891805
0.8290448337502949
-0.1349644775515848
0.43378083901168096
1.248244565695404
1.1819033589299284
-0.39211511788053355