5.300572813435904
3.877747359740269
5.632517203011437
4.404105504293371
2.701142828333007
3.3841642095609097
5.913679096304251
4.569497737803
6.356418483932513
6.503460099581168
8.157633649972738
7.56449497042461
5.07651049617996
5.5263566278681795
11.531518464788626
-0.5231661326881997
1.8679446976853213
0.634114352260174
3.2619454263235177
3.1583382164457086
1.7716257986208042
2.8806594304271473
2.221384621766554
1.7415281013951438
5.095770778254231
6.70175211213296
4.015576394586335
5.1985470719758125
5.916319577466189
7.858943827069591
7.169613055588872
3.8521029114916785
7.951155570641588
9.37371024831458
12.189160525577481
5.7126047841748