6.192578092860001
4.83694785506697
6.754743827358094
5.223094647946814
3.6023303258816792
4.525757079129104
7.195481441919668
5.784924037320681
7.768878342522617
7.567841849766289
9.419873565150285
8.705495346721266
6.184485729574216
6.601470852270701
13.004972478514446
3.2058020148412076
4.596715860173913
4.790320129701595
6.488067324587521
7.812024644849133
6.378397478786328
7.297168111098564
6.770494317314095
6.36447429666906
12.527024802063933
12.703977477907458
11.127101174468716
11.450111720478722
11.988468487251287
14.348224462726849
11.603997144896631
13.313928065399445
19.107238140480117
19.8418422470471
24.915001015746554
22.56831857444398