6.005709510949419
4.485197371208974
6.546054228008064
4.9429517900186575
3.1845639537830395
4.017442960051309
6.827940307493958
5.345300252228306
7.512600928180533
7.416827281585592
9.397088693026834
8.618039966853765
5.840285440742277
6.40131789297498
13.396406039437347
2.9365684106136913
4.023303899341759
4.357491645634522
5.744681221728481
7.482828737106276
5.83321842807748
7.010873149444236
6.202123140777205
5.879856821105352
11.959012560995419
13.046546241883664
10.685788761150347
10.235951630459247
11.183737049806854
13.433328701947541
10.566060564612277
12.279548836810305
17.696042558658892
19.235246953172673
23.186699752875196
20.799344651931403