12.198285093771078
9.322142716237636
13.30079554532778
10.166043927927129
6.786891769626271
8.543197529141965
14.023419239375214
11.13022052449149
15.281476760664772
14.98466599380389
18.81695849311962
17.32353217602711
12.024768660278184
13.002785607697795
26.40137538040363
6.142367915416504
8.620016621967595
9.147808010278377
12.232744153748788
15.294848989388196
12.211612141806274
14.308036867975655
12.972613065524156
12.24432735271688
24.486029205434292
25.750515562166132
21.812882405503547
21.686056448331925
23.172197379432944
27.7815450070502
22.170050179393638
25.59346811707588
36.80327128649483
39.077079160066056
48.10168947344881
43.36764942116434