5.492965652539796
3.9284502137641653
5.881651780198394
4.525459332745154
2.687462658705119
3.37717792286345
6.071945508835688
4.627561444000884
6.611907339013621
6.761554543783013
8.65488389573936
7.999630692309746
5.201023352084246
5.7279878114344
12.568399880218438
1.099912422670962
3.2028360614126847
2.3005664462181112
4.6548025991102735
5.055121943896383
3.454064147916921
4.77134002060522
3.945601057192166
3.3984108791316046
8.521178470940322
9.43620446379842
6.757050641606683
8.068646745799802
8.939005021833223
10.925230314252843
8.650261273774174
9.125024995582645
13.417987484394073
15.260428211886495
18.106599485344532
14.630596652532514