-0.3467178572181476
1.957942778882779
0.5072097022045665
0.5419925571174361
3.114361321713811
3.8548665282210353
1.486576422697007
2.690359387147782
1.031531590166291
-1.1378630851715588
-2.6158802774932024
-1.5536446445259091
1.1799125007573275
-0.7899529598066892
-6.8502771378154215
-2.231034939465054
4.2664688738899414
-0.6397710968479186
5.575114960898678
-1.232541727570751
0.6955817970504569
-2.091677616353284
0.412662836828336
0.3723829981787512
0.5227154634443827
-10.953091518524554
-1.810528233138687
9.700601261946948
5.7736778109325755
6.31693166237443
7.773042495878378
9.310453468121652
12.628096511883479
2.9924487644044713
15.785461063668333
16.42371358728216