0.7559675044705952
2.8129250225014797
1.491329464357035
1.6131381782551057
3.749434086892639
4.648717261148788
2.66670795191759
3.685937965843532
2.1743888908753144
0.3281407867964319
-1.0140594386631139
-0.26137893341408375
2.4026546242521465
0.813205238689131
-4.963688338556046
-0.2675138735256282
5.091222228121105
1.5132575832533408
6.644994707630099
1.1867256537972197
3.0533345944672456
0.27659629060395863
2.8080091816562085
2.7064275695062228
3.7159890221363785
-6.2998560580232805
2.032294972857388
11.534931832489965
7.799487651377885
8.864607713073736
9.762134824900706
11.544370752257974
15.246160473067366
6.371960404111769
19.386798739715154
19.603111488305704