-0.2444068160267008
3.6763074278704093
1.675077784473907
1.0986406000553162
5.079258789088227
6.151704002652271
2.781198926057815
4.81534583845815
2.6096961707381223
-1.4887488608486312
-2.54934167378122
-2.461526730946496
2.4261628021731165
-0.2894450596465872
-7.248692370097814
8.617643380779588
7.167601819653584
10.40832599651007
9.110633088910182
9.244150180529745
12.399421360534593
7.175679122731708
10.849849253069017
12.533611769907553
11.14380108635605
-1.1638708464382341
13.321719851557747
14.953218352159162
8.752433689270205
10.075502456057887
12.242454236608063
16.734473264296096
20.916342554393236
8.404175296135373
24.808340705690217
27.481478720430662