7.2901081924012265
7.877987041629054
8.767202072799876
7.0099995538096085
7.538890993361345
9.39890454065234
10.213322426480236
9.731772628687093
10.443357211548367
8.163753402419095
8.98630050709751
9.073762236094892
8.74172276189383
7.248093140486766
9.35069051690961
1.5122232021507724
9.404373593924387
4.963331315040077
12.883771902937779
7.923584473509133
8.155719779682713
6.5290178272586115
8.282757031245179
7.809321752831935
14.469023071318917
4.2796092861161785
11.018076706518421
22.16600840972983
18.864497246861706
22.33981603720003
21.14681278770421
23.249425809267454
32.52856710451119
24.15577992309119
42.53116817608272
38.35090429326687