11.85156723655293
11.280085495120415
13.808005247532346
10.708036485044564
9.901253091340083
12.398064057363
15.509995662072221
13.820579911639271
16.313008350831062
13.846802908632332
16.201078215626417
15.769887531501201
13.204681161035511
12.212832647891107
19.551098242588207
3.9113329759514497
12.886485495857537
8.508036913430457
17.807859114647467
14.062307261817445
12.907193938856732
12.216359251622372
13.385275902352491
12.616710350895632
25.008744668878673
14.797424043641577
20.00235417236486
31.386657710278875
28.94587519036552
34.098476669424635
29.943092675272013
34.90392158519753
49.43136779837831
42.06952792447052
63.88715053711714
59.791363008446496