5.540296039265174
3.9701216144834723
5.825466954967511
4.619659179716285
2.7056488740816693
3.392819580699103
6.118096689008662
4.668691890691318
6.564768393532608
6.864189799083628
8.60145871197113
7.9897569461000835
5.3022599193235935
5.906512021592663
12.254278485915876
0.9222160250070272
2.6823342433275164
2.0842957281712047
4.125550385486895
4.74324043116321
3.2009603832551057
4.493454255578967
3.745293795178214
3.1247975706751965
7.696543161301379
8.810489975844098
6.1640058814149254
6.9814203801889665
7.854608443841157
9.902530085261729
8.174532738447475
7.10812957540172
11.307224278986167
13.15612065289368
15.894663096810321
11.267023245489975