-4.300198492938608
-4.741129765109198
-5.816265523128309
-3.8896079260935816
-4.030967530528596
-4.887150951064393
-6.028170070444476
-5.698905610417619
-6.791725763795321
-4.686570451936104
-6.622351414854632
-5.364347172892198
-5.10001867410093
-4.423706329532461
-9.246514433246858
-8.361991121617017
-3.9443242892178
-9.529182765516904
-5.727583807603601
-11.215762743178233
-11.11771256468815
-9.779742262554898
-10.263224693179364
-11.568712301796474
-12.523582842473902
-11.837737323718006
-15.305001273286695
-8.61683359164501
-6.86926561535851
-9.06983857005374
-9.64993246729623
-9.042205423529802
-13.621337651967456
-11.405925140338185
-17.610702491552548
-13.590972016299757