-0.10231104119144675
-1.7183646489876305
-1.1678680822693406
-0.5566480429378802
-1.9648974673744162
-2.2968374744312356
-1.2946225033608079
-2.124986451310368
-1.5781645805718316
0.35088577567707246
-0.06653860371198256
0.9078820864205868
-1.246250301415789
-0.500507900160102
0.3984152322823925
-10.848678320244643
-2.901132945763642
-11.048097093357988
-3.535518128011504
-10.476691908100497
-11.703839563484134
-9.267356739084992
-10.437186416240682
-12.161228771728801
-10.621085622911666
-9.78922067208632
-15.132248084696434
-5.252617090212212
-2.9787558783376302
-3.7585707936834565
-4.469411740729686
-7.424019796174445
-8.288246042509757
-5.411726531730901
-9.022879642021884
-11.057765133148505