9.41258837745178
5.773948164696955
9.06202825601328
7.642727155793534
3.6071781773430787
4.655467731638103
9.680387809838633
6.76153078815417
10.080787338424667
11.964947896564475
14.278186799204454
13.997044272111165
8.352281186148097
9.834056459197463
20.00320212922121
-6.517239099451665
2.874407897183518
-4.417087344257001
4.9861161407759775
0.31544755794739954
-2.7812075499515605
0.768778332422242
-0.9829057765092017
-3.3007868323453255
5.348859303221596
8.198158304581654
-0.0891135205376763
8.959284203735281
11.771498522756918
14.761275885509304
11.57903646306899
7.22579738760216
13.952554173746169
18.282404327596446
21.49426999557074
11.945219581477044