-1.578610214639286
-2.6151745005441454
-2.9175887432867444
-1.585404858660904
-2.460633263372284
-2.9286655489399696
-2.893633870801363
-3.1797097029815857
-3.4881602369147786
-1.3877071899071363
-2.6406830164164785
-1.6258200247749208
-2.4032334635446024
-1.6121935467455755
-3.892093561744157
-9.109277301810787
-3.736652726868445
-9.638023543184993
-4.768423613452906
-10.136747360237052
-10.573448633762363
-8.869962678832852
-9.532077106304861
-11.015420985709268
-11.417514444353086
-10.138488527956603
-14.353720922516656
-7.526760628072448
-5.607106987774106
-6.749288203399246
-6.562948364814151
-9.896533850525499
-12.351850655233955
-9.970207228510723
-14.238638199325914
-15.481851367622932