1.994218969162754
0.23155799927517245
1.266657333358458
1.2916997740380072
-0.24601666980855202
-0.14561904269903253
1.3140268114137577
0.24773489953762484
1.2688926472776356
2.7883124641840986
2.9341834689076
3.5455320209413044
1.0133000403971195
1.6310261785406903
4.3451044010915485
-8.027636203635844
-0.44556246905671354
-7.529290409641198
-0.3524115714592982
-6.063806138183822
-7.444661964106986
-5.140115551052063
-6.312386017002052
-7.849087587750814
-4.371321176338512
-3.3670098432896842
-8.467649026454252
0.2313696773817019
2.2574551137503414
2.3617834958804145
0.7298258126486725
-0.5931770304303634
0.30500027113179046
2.595483974062137
1.8281643735821829
-0.3975976726537639